0.000010 0.486492 0.000010 0.513458 0.000010 0.000010 0.000010
0.000010 0.084003 0.000010 0.210331 0.070555 0.624106 0.010985
0.000010 0.161897 0.000010 0.236253 0.314520 0.287300 0.000010
0.050294 0.139489 0.000010 0.791839 0.000010 0.018347 0.000010
0.000010 0.247139 0.000010 0.360471 0.351055 0.041306 0.000010
0.232484 0.174244 0.000010 0.101057 0.361346 0.130850 0.000010
0.000010 0.123148 0.038589 0.285667 0.494627 0.012446 0.045513
0.000010 0.100637 0.000010 0.737070 0.162253 0.000010 0.000010
0.000010 0.095512 0.095317 0.329449 0.307944 0.171757 0.000010
0.061543 0.013143 0.088746 0.031373 0.184020 0.527682 0.093492
0.089378 0.000010 0.000010 0.910572 0.000010 0.000010 0.000010
0.089602 0.088387 0.000010 0.153764 0.117059 0.515034 0.036145
0.000010 0.384194 0.000010 0.251871 0.051655 0.312249 0.000010
0.000010 0.200845 0.000010 0.612738 0.106931 0.079456 0.000010
0.000010 0.098089 0.000010 0.061443 0.109922 0.730516 0.000010
0.072306 0.155832 0.050608 0.170440 0.427166 0.123638 0.000010
0.000010 0.999940 0.000010 0.000010 0.000010 0.000010 0.000010
0.000010 0.125864 0.033442 0.818688 0.021976 0.000010 0.000010
0.039326 0.069228 0.000010 0.137077 0.105038 0.609772 0.039549
0.143558 0.000010 0.095234 0.057120 0.339827 0.181216 0.183035
0.000010 0.029855 0.015515 0.583328 0.226107 0.129538 0.015647
0.181950 0.028920 0.000010 0.072777 0.099825 0.606935 0.009584
0.121628 0.000010 0.215020 0.158339 0.109261 0.391976 0.003767
0.046955 0.000010 0.000010 0.952995 0.000010 0.000010 0.000010
0.000010 0.494113 0.000010 0.505837 0.000010 0.000010 0.000010
0.108386 0.000010 0.010493 0.177026 0.146397 0.528985 0.028704
0.000010 0.252484 0.000010 0.000010 0.465176 0.248573 0.033736
0.000010 0.084105 0.000010 0.398165 0.324911 0.175522 0.017276
0.000010 0.151033 0.010883 0.390715 0.204891 0.239331 0.003138
0.036640 0.000010 0.267389 0.092328 0.000010 0.553352 0.050270
0.099868 0.064081 0.000010 0.440061 0.302344 0.093626 0.000010
0.000010 0.023183 0.000010 0.943334 0.000010 0.000010 0.033444
0.182081 0.000010 0.000010 0.178154 0.087557 0.552178 0.000010
0.000010 0.000010 0.000010 0.000010 0.000010 0.987783 0.012167
0.000010 0.251242 0.000010 0.000010 0.473961 0.244962 0.029805
0.000010 0.125239 0.049571 0.080537 0.278746 0.443478 0.022418
0.217958 0.068116 0.238822 0.159923 0.000010 0.220779 0.094392
0.000010 0.000010 0.442596 0.000010 0.230382 0.267447 0.059545
0.090422 0.179506 0.162959 0.297466 0.100660 0.120628 0.048359
0.000010 0.286538 0.000010 0.169926 0.259191 0.278165 0.006160
0.000010 0.013160 0.000010 0.000010 0.141352 0.825669 0.019790
0.000010 0.000010 0.000010 0.999940 0.000010 0.000010 0.000010
0.270321 0.032352 0.052296 0.000010 0.251142 0.384853 0.009026
0.083056 0.189516 0.023845 0.331771 0.021715 0.307613 0.042485
0.000010 0.999940 0.000010 0.000010 0.000010 0.000010 0.000010
0.000010 0.000010 0.007122 0.659439 0.194894 0.138515 0.000010
0.465753 0.042486 0.040249 0.131154 0.209707 0.000010 0.110641
0.000010 0.096029 0.000010 0.000010 0.903921 0.000010 0.000010
0.007375 0.306561 0.000010 0.549069 0.072864 0.044628 0.019493
0.000010 0.999940 0.000010 0.000010 0.000010 0.000010 0.000010
0.071309 0.094947 0.028921 0.350665 0.209869 0.242521 0.001770
0.032990 0.170463 0.071641 0.008512 0.521501 0.125276 0.069618
0.245780 0.000010 0.000010 0.025076 0.302655 0.421795 0.004674
0.497762 0.000010 0.118191 0.115245 0.010218 0.258563 0.000010
0.000010 0.051185 0.155912 0.204942 0.441934 0.123253 0.022763
0.022544 0.049427 0.000010 0.630569 0.028939 0.226052 0.042458
0.345811 0.060939 0.218277 0.000010 0.244729 0.097890 0.032343
0.000010 0.075689 0.191599 0.341755 0.139734 0.247275 0.003938
0.000010 0.081210 0.093322 0.129237 0.362516 0.300532 0.033174
0.000010 0.000010 0.000010 0.000010 0.000010 0.999940 0.000010
0.000010 0.084966 0.000010 0.875807 0.039188 0.000010 0.000010
0.000010 0.000010 0.046113 0.000010 0.724768 0.165643 0.063446
0.063991 0.050604 0.069477 0.285384 0.093575 0.355616 0.081354
0.000010 0.070696 0.166976 0.234551 0.487898 0.000010 0.039858
0.152785 0.000010 0.151980 0.400811 0.090279 0.204124 0.000010
0.132472 0.000010 0.000010 0.108345 0.091755 0.638224 0.029183
0.071091 0.247304 0.056052 0.260620 0.141512 0.201198 0.022223
0.205428 0.053294 0.255012 0.314770 0.019393 0.093084 0.059018
0.000010 0.000010 0.000010 0.999940 0.000010 0.000010 0.000010
0.011944 0.191846 0.000010 0.392298 0.175693 0.228200 0.000010
0.312060 0.000010 0.000010 0.105358 0.398981 0.176623 0.006958
0.258229 0.000010 0.252724 0.099077 0.000010 0.389940 0.000010
0.011153 0.042365 0.361256 0.236772 0.093452 0.217170 0.037832
0.000010 0.020296 0.139145 0.098759 0.257750 0.451039 0.033000
0.263088 0.000010 0.042325 0.000010 0.124820 0.533856 0.035891
0.485939 0.039696 0.109105 0.125311 0.044583 0.180850 0.014516
0.181673 0.000010 0.457981 0.231717 0.000010 0.116918 0.011691
0.720982 0.000010 0.046394 0.048238 0.102140 0.000010 0.082226
0.644275 0.068059 0.000010 0.000010 0.000010 0.221582 0.066055
0.543118 0.002463 0.162387 0.000010 0.033047 0.209094 0.049882
0.515822 0.012945 0.000010 0.000010 0.000010 0.434273 0.036931
0.000010 0.000010 0.925041 0.000010 0.000010 0.038326 0.036592
0.226316 0.000010 0.558463 0.195663 0.000010 0.000010 0.019529
0.370853 0.101124 0.186629 0.041248 0.054552 0.215621 0.029974
0.749603 0.000010 0.000010 0.183877 0.056931 0.000010 0.009560
0.837723 0.000010 0.064406 0.000010 0.000010 0.049697 0.048144
0.231901 0.087567 0.222445 0.000010 0.458057 0.000010 0.000010
0.429534 0.088793 0.031940 0.342305 0.000010 0.093911 0.013508
0.522267 0.020662 0.121862 0.000010 0.085729 0.249460 0.000010
0.000010 0.000010 0.000010 0.185786 0.000010 0.774523 0.039651
0.348879 0.000010 0.214694 0.198486 0.137970 0.012079 0.087882
0.370333 0.041754 0.332987 0.000010 0.032009 0.179689 0.043218
0.821575 0.014553 0.114517 0.000010 0.013274 0.000010 0.036061
0.116822 0.000010 0.106416 0.068098 0.031066 0.630274 0.047314
0.167030 0.000010 0.494092 0.274762 0.000010 0.057387 0.006708
0.834509 0.053110 0.087297 0.000010 0.000010 0.000010 0.025054
0.594227 0.055252 0.190814 0.000010 0.000010 0.159677 0.000010
0.206401 0.077073 0.145329 0.170107 0.122710 0.189434 0.088946
0.786483 0.028571 0.070842 0.000010 0.076770 0.013026 0.024298
0.000010 0.000010 0.070593 0.000010 0.000010 0.920890 0.008477
0.278539 0.047697 0.042941 0.000010 0.027607 0.570387 0.032819
0.378747 0.107331 0.240612 0.005447 0.053934 0.167872 0.046058
0.410673 0.046483 0.000010 0.000010 0.300617 0.205577 0.036629
0.114124 0.017830 0.268403 0.170549 0.112599 0.211922 0.104574
0.250719 0.072709 0.267297 0.120301 0.000309 0.283435 0.005229
0.346439 0.012431 0.139765 0.054962 0.146647 0.176212 0.123544
0.396009 0.087853 0.000010 0.028436 0.116130 0.330899 0.040663
0.242300 0.047568 0.054172 0.053926 0.199243 0.373773 0.029018
0.704572 0.000010 0.101002 0.100041 0.000010 0.094355 0.000010
0.224286 0.000010 0.531965 0.029060 0.178636 0.000010 0.036032
0.417177 0.015894 0.030783 0.000010 0.000010 0.466395 0.069731
0.306187 0.000010 0.368790 0.056489 0.135763 0.079225 0.053536
0.000010 0.000010 0.627951 0.000010 0.323252 0.000010 0.048757
0.241252 0.000010 0.000010 0.265542 0.210974 0.233047 0.049166
0.792648 0.000010 0.188044 0.000010 0.000010 0.000010 0.019268
0.195410 0.000010 0.248730 0.044727 0.206984 0.273455 0.030684
0.481813 0.061080 0.328033 0.000010 0.000010 0.129044 0.000010
0.000010 0.000010 0.093119 0.000010 0.605751 0.301090 0.000010
0.768969 0.000010 0.230981 0.000010 0.000010 0.000010 0.000010
0.038593 0.059218 0.000010 0.000010 0.000010 0.898731 0.003428
0.639088 0.045933 0.236475 0.078474 0.000010 0.000010 0.000010
0.459287 0.071389 0.379450 0.000813 0.013227 0.034263 0.041570
0.456522 0.036592 0.000010 0.056801 0.066895 0.375946 0.007234
0.309508 0.000184 0.169183 0.146260 0.000010 0.272153 0.102702
0.316265 0.000010 0.062692 0.330855 0.000010 0.220179 0.069989
0.203569 0.000010 0.314348 0.079854 0.083061 0.242223 0.076935
0.118492 0.000010 0.104487 0.063701 0.383776 0.260610 0.068925
0.669122 0.077514 0.000010 0.040189 0.020891 0.142220 0.050055
0.082772 0.000010 0.171246 0.330888 0.073416 0.307377 0.034290
0.365278 0.009638 0.201131 0.140493 0.283441 0.000010 0.000010
0.226113 0.000010 0.332555 0.142481 0.046182 0.116374 0.136286
0.314666 0.015983 0.455063 0.000010 0.135107 0.000010 0.079160
0.572565 0.019008 0.238497 0.048595 0.005865 0.115460 0.000010
0.562600 0.000010 0.383485 0.000010 0.000010 0.000010 0.053875
0.551784 0.000010 0.000010 0.000010 0.178134 0.270043 0.000010
0.000010 0.092165 0.659043 0.073591 0.138143 0.027573 0.009476
0.643360 0.035011 0.081519 0.000010 0.086449 0.109758 0.043893
0.396262 0.046763 0.127366 0.094349 0.000010 0.309011 0.026239
0.422907 0.043625 0.015648 0.325448 0.151767 0.000010 0.040596
0.632806 0.000010 0.000010 0.120840 0.168498 0.000010 0.077825
0.172012 0.000010 0.127191 0.081864 0.544828 0.074084 0.000010
0.000010 0.023096 0.845444 0.000010 0.069162 0.056777 0.005501
0.304019 0.000010 0.094676 0.193597 0.000010 0.407678 0.000010
0.326661 0.094055 0.196371 0.038215 0.010243 0.283862 0.050593
0.312316 0.130518 0.295785 0.000010 0.020527 0.186043 0.054801
0.000247 0.027786 0.189234 0.112570 0.148617 0.490921 0.030625
0.132955 0.022523 0.363313 0.117869 0.080916 0.242842 0.039582
0.691907 0.000010 0.272297 0.034991 0.000010 0.000010 0.000774
0.750470 0.017719 0.038276 0.104148 0.000010 0.089367 0.000010
0.017772 0.113233 0.130932 0.113452 0.588711 0.022152 0.013749
0.347069 0.016000 0.170348 0.277225 0.000010 0.173159 0.016189
0.227454 0.016822 0.493103 0.000010 0.145502 0.076832 0.040278
0.999940 0.000010 0.000010 0.000010 0.000010 0.000010 0.000010
0.222813 0.016837 0.495780 0.000010 0.147396 0.075990 0.041174
0.000010 0.000010 0.000010 0.000010 0.000010 0.000010 0.999940
0.000010 0.088593 0.331230 0.000010 0.448415 0.000010 0.131732
0.504333 0.240447 0.040980 0.172622 0.000010 0.000010 0.041599
0.253032 0.000010 0.228257 0.021524 0.000010 0.441788 0.055379
0.000010 0.031532 0.000010 0.968418 0.000010 0.000010 0.000010
0.437559 0.000010 0.100546 0.097389 0.126912 0.188146 0.049436
0.218554 0.000010 0.253052 0.112299 0.043298 0.372777 0.000010
0.522122 0.001657 0.368905 0.000010 0.059464 0.000010 0.047832
0.374404 0.023968 0.000010 0.000010 0.387646 0.199259 0.014702
0.155346 0.090437 0.140993 0.204131 0.000010 0.387467 0.021617
0.000010 0.000010 0.000010 0.000010 0.000010 0.000010 0.999940
0.043747 0.075393 0.040172 0.000010 0.000010 0.827543 0.013125
0.000010 0.000010 0.000010 0.000010 0.000010 0.000010 0.999940
0.418675 0.082191 0.241618 0.126115 0.036188 0.082720 0.012492
0.417988 0.063846 0.000010 0.498913 0.000010 0.000010 0.019223
0.634040 0.094028 0.135920 0.091306 0.000010 0.027203 0.017492
0.000010 0.143583 0.398965 0.116424 0.109378 0.088370 0.143270
0.319119 0.000010 0.140629 0.375341 0.022658 0.000010 0.142233
0.000010 0.000010 0.000010 0.000010 0.999940 0.000010 0.000010
0.000010 0.043709 0.419765 0.000010 0.489788 0.027348 0.019370
0.074135 0.000010 0.206083 0.000010 0.541239 0.178514 0.000010
0.000010 0.028094 0.215640 0.000010 0.756226 0.000010 0.000010
0.000010 0.039286 0.271680 0.119976 0.545042 0.000010 0.023997
0.000010 0.059830 0.167434 0.041851 0.519194 0.200141 0.011541
0.000010 0.030733 0.396066 0.000010 0.469806 0.000010 0.103365
0.633791 0.017734 0.257896 0.000010 0.000010 0.064101 0.026457
0.464234 0.000010 0.363377 0.018765 0.073119 0.066782 0.013714
0.737010 0.000010 0.114969 0.140001 0.000012 0.000010 0.007988
0.000010 0.000010 0.000010 0.000010 0.999940 0.000010 0.000010
0.000010 0.000010 0.630926 0.022792 0.256005 0.000010 0.090248
0.000010 0.027677 0.824063 0.021029 0.029255 0.000010 0.097957
0.000010 0.000200 0.435029 0.011336 0.502427 0.000010 0.050988
0.000010 0.044689 0.074786 0.090077 0.455150 0.294773 0.040516
0.000010 0.059333 0.566608 0.000010 0.207246 0.000010 0.166783
0.133694 0.000010 0.000010 0.161338 0.369583 0.300981 0.034383
0.151200 0.088085 0.155470 0.000010 0.536402 0.029121 0.039712
0.999940 0.000010 0.000010 0.000010 0.000010 0.000010 0.000010
0.084623 0.000010 0.532280 0.000010 0.347465 0.012613 0.022998
0.000010 0.000010 0.930802 0.000010 0.000010 0.000010 0.069148
0.028436 0.045263 0.357819 0.093781 0.000010 0.369490 0.105202
0.000010 0.000010 0.896681 0.000010 0.000010 0.000010 0.103269
0.000010 0.000010 0.000010 0.000010 0.999940 0.000010 0.000010
0.000010 0.000010 0.000010 0.000010 0.959941 0.040009 0.000010
0.000596 0.007003 0.803812 0.000010 0.107404 0.000010 0.081164
0.073833 0.002782 0.772797 0.136848 0.000010 0.000010 0.013720
0.000010 0.000010 0.805870 0.000010 0.156285 0.000010 0.037805
0.000010 0.000010 0.506977 0.000010 0.448307 0.000010 0.044676
0.000010 0.013321 0.469404 0.000010 0.483883 0.000010 0.033362
0.000010 0.000010 0.063092 0.308619 0.472365 0.075091 0.080813
0.448337 0.062049 0.332583 0.157001 0.000010 0.000010 0.000010
0.043478 0.000010 0.730156 0.000010 0.067229 0.098807 0.060310
0.386351 0.000010 0.000010 0.008405 0.327421 0.241963 0.035840
0.000010 0.000010 0.000010 0.000010 0.999940 0.000010 0.000010
0.090369 0.000010 0.364587 0.000010 0.509386 0.035628 0.000010
0.000010 0.048959 0.365053 0.000010 0.585948 0.000010 0.000010
0.000010 0.000010 0.000010 0.000010 0.999940 0.000010 0.000010
0.000017 0.000010 0.106337 0.000010 0.549270 0.344346 0.000010
0.000010 0.017831 0.073988 0.033402 0.336032 0.538728 0.000010
0.000010 0.000010 0.019486 0.113597 0.866877 0.000010 0.000010
0.174492 0.053894 0.126252 0.121516 0.439813 0.000010 0.084023
0.335349 0.085691 0.201134 0.086926 0.025531 0.265359 0.000010
0.706090 0.046939 0.041183 0.072431 0.110263 0.000010 0.023083
0.397751 0.000010 0.199818 0.241496 0.017930 0.091487 0.051507
0.000010 0.000010 0.495796 0.000010 0.487024 0.000010 0.017140
0.023693 0.000010 0.237333 0.023361 0.686882 0.000010 0.028711
0.054187 0.000010 0.470196 0.069069 0.313952 0.000010 0.092576
0.000010 0.084132 0.000010 0.000010 0.411026 0.485583 0.019229
0.087243 0.000010 0.193992 0.000010 0.711560 0.000010 0.007175
0.081531 0.057994 0.087248 0.053534 0.649414 0.070269 0.000010
0.091066 0.052011 0.000010 0.000010 0.000010 0.806169 0.050724
0.000010 0.000010 0.514660 0.000010 0.485290 0.000010 0.000010
0.293648 0.000010 0.117299 0.000010 0.000010 0.572198 0.016825
0.639378 0.000010 0.188335 0.065559 0.000010 0.097183 0.009526
0.047472 0.108433 0.044202 0.000010 0.577854 0.222020 0.000010
0.617141 0.061323 0.066032 0.000010 0.123765 0.098286 0.033443
0.037312 0.017643 0.271388 0.034723 0.516062 0.000010 0.122863
0.130439 0.000010 0.076785 0.000010 0.527059 0.219240 0.046456
0.000010 0.071412 0.750825 0.000010 0.102912 0.041991 0.032839
0.022822 0.000010 0.139407 0.000010 0.778337 0.000010 0.059403
0.000010 0.000010 0.000010 0.000010 0.265710 0.661658 0.072592
0.000010 0.000010 0.535390 0.000010 0.256321 0.000010 0.208249
0.225626 0.080242 0.342296 0.060355 0.230222 0.061249 0.000010
0.200453 0.000010 0.528205 0.000010 0.271302 0.000010 0.000010
0.000010 0.000010 0.030166 0.000010 0.499193 0.453384 0.017227
0.408394 0.000010 0.306660 0.106046 0.139727 0.000010 0.039153
0.105938 0.066177 0.453877 0.000010 0.041415 0.257387 0.075197
0.079386 0.000010 0.543740 0.000010 0.254956 0.000010 0.121887
0.068913 0.000010 0.279937 0.000010 0.468983 0.151007 0.031140
0.000010 0.000010 0.368468 0.000010 0.631482 0.000010 0.000010
0.403339 0.068887 0.000010 0.507038 0.000010 0.000010 0.020706
0.058838 0.000010 0.516772 0.000010 0.368980 0.055380 0.000010
0.000010 0.000010 0.371554 0.086168 0.513786 0.000010 0.028462
0.000010 0.118447 0.119256 0.000010 0.750794 0.011474 0.000010
0.043423 0.105234 0.067130 0.000010 0.249692 0.534501 0.000010
0.010548 0.034283 0.042382 0.000010 0.474392 0.438376 0.000010
0.288699 0.017503 0.000010 0.126125 0.000010 0.452589 0.115064
0.453605 0.070381 0.128846 0.200117 0.125685 0.000010 0.021356
0.000010 0.054569 0.440262 0.014835 0.470300 0.000010 0.020013
0.000010 0.064944 0.000010 0.000010 0.935006 0.000010 0.000010
0.111519 0.074849 0.000010 0.091949 0.633539 0.079640 0.008493
0.008506 0.040636 0.000010 0.082555 0.259462 0.590579 0.018252
0.000010 0.000010 0.000010 0.000010 0.987076 0.000010 0.012874
0.204879 0.013036 0.534316 0.000010 0.247738 0.000010 0.000010
0.000010 0.000138 0.129841 0.000010 0.844192 0.000010 0.025799
0.722003 0.020056 0.185899 0.000010 0.008075 0.000010 0.063946
0.586613 0.000010 0.000010 0.390107 0.000010 0.000010 0.023240
0.232002 0.030151 0.000010 0.662849 0.056070 0.000010 0.018908
