0.000010 0.999950 0.000010 0.000010 0.000010 0.000010
0.096677 0.271283 0.009020 0.000010 0.000010 0.623000
0.352717 0.384772 0.000013 0.000010 0.000010 0.262478
0.009258 0.778007 0.000010 0.000010 0.107025 0.105690
0.410921 0.570650 0.000671 0.000010 0.000010 0.017737
0.369162 0.264158 0.000010 0.000010 0.252798 0.113862
0.542423 0.354833 0.046615 0.056110 0.000010 0.000010
0.289623 0.702106 0.000010 0.000010 0.008241 0.000010
0.364909 0.383934 0.000010 0.114267 0.000010 0.136871
0.192189 0.034616 0.094880 0.093846 0.056523 0.527946
0.000010 0.659921 0.000010 0.000010 0.319926 0.020123
0.132295 0.222529 0.038512 0.000010 0.099994 0.506660
0.063114 0.645527 0.000010 0.000010 0.009267 0.282072
0.184835 0.733747 0.000010 0.000010 0.000010 0.081387
0.115990 0.165038 0.000010 0.000010 0.000010 0.718942
0.453009 0.301958 0.000010 0.067080 0.076959 0.100984
0.000010 0.999950 0.000010 0.000010 0.000010 0.000010
0.119136 0.762782 0.000010 0.111740 0.006323 0.000010
0.125958 0.191093 0.042928 0.000010 0.026230 0.613781
0.350610 0.033273 0.184610 0.085911 0.171267 0.174328
0.318100 0.491934 0.014977 0.022139 0.000010 0.152840
0.101460 0.086654 0.009842 0.000010 0.178539 0.623495
0.141341 0.095031 0.002572 0.215712 0.143789 0.401555
0.000010 0.725957 0.020216 0.000010 0.238575 0.015232
0.000010 0.986825 0.013135 0.000010 0.000010 0.000010
0.172604 0.114926 0.033845 0.006048 0.112787 0.559790
0.488884 0.360308 0.036810 0.000010 0.000010 0.113978
0.397568 0.435328 0.020837 0.000010 0.000010 0.146248
0.261412 0.492102 0.005184 0.020317 0.000010 0.220974
0.000010 0.056672 0.053739 0.271099 0.053491 0.564989
0.372892 0.422670 0.000010 0.000010 0.147362 0.057056
0.103102 0.817492 0.035107 0.009050 0.000010 0.035240
0.135937 0.119171 0.000010 0.000010 0.213000 0.531873
0.000010 0.000010 0.006843 0.000010 0.000010 0.993117
0.498541 0.359324 0.032994 0.000010 0.000010 0.109121
0.297500 0.218660 0.020804 0.055260 0.000010 0.407766
0.000010 0.171761 0.095279 0.241236 0.247246 0.244467
0.227842 0.000010 0.056177 0.445502 0.000010 0.270460
0.132390 0.448144 0.050629 0.169553 0.099266 0.100018
0.279642 0.472235 0.009288 0.000010 0.000010 0.238815
0.153962 0.000010 0.019545 0.000010 0.000010 0.826463
0.146476 0.841746 0.011748 0.000010 0.000010 0.000010
0.255678 0.000010 0.009351 0.057465 0.286958 0.390538
0.060286 0.474825 0.044359 0.039503 0.078677 0.302350
0.000010 0.999950 0.000010 0.000010 0.000010 0.000010
0.294114 0.547421 0.000010 0.043136 0.000010 0.115310
0.228042 0.129923 0.113063 0.046990 0.481972 0.000010
0.923965 0.075995 0.000010 0.000010 0.000010 0.000010
0.135654 0.795772 0.026304 0.000010 0.022340 0.019920
0.000010 0.999950 0.000010 0.000010 0.000010 0.000010
0.252910 0.395100 0.004667 0.042004 0.078646 0.226672
0.536853 0.228852 0.067187 0.048613 0.056443 0.062052
0.320302 0.000010 0.005564 0.000010 0.260450 0.413664
0.028159 0.041594 0.001925 0.110129 0.529798 0.288396
0.478723 0.218773 0.024559 0.179130 0.000010 0.098804
0.120464 0.581301 0.037414 0.000010 0.038122 0.222689
0.250833 0.049514 0.031884 0.217030 0.359982 0.090757
0.193400 0.369755 0.002750 0.195973 0.000010 0.238112
0.397449 0.202228 0.034822 0.097361 0.000010 0.268130
0.000010 0.000010 0.000010 0.000010 0.000010 0.999950
0.213426 0.784375 0.002168 0.000010 0.000010 0.000010
0.735972 0.000010 0.063441 0.046057 0.000010 0.154509
0.129344 0.280751 0.079933 0.081678 0.056865 0.371428
0.525210 0.257236 0.039145 0.178390 0.000010 0.000010
0.144800 0.292749 0.000010 0.129977 0.232509 0.199954
0.135959 0.000633 0.030778 0.000010 0.175661 0.656960
0.170886 0.487274 0.026058 0.060986 0.072794 0.182003
0.052366 0.280112 0.058765 0.244827 0.257482 0.106448
0.180402 0.803468 0.009096 0.000010 0.000010 0.007014
0.239181 0.543166 0.000010 0.000010 0.025677 0.191956
0.425229 0.057574 0.010718 0.000010 0.338047 0.168422
0.000010 0.080500 0.000010 0.248956 0.262289 0.408235
0.124789 0.240341 0.037194 0.361420 0.045031 0.191225
0.282833 0.109193 0.034315 0.141592 0.000010 0.432057
0.137244 0.000010 0.035416 0.009542 0.291230 0.526557
0.051549 0.116245 0.016451 0.129586 0.480818 0.205352
0.000010 0.166129 0.014543 0.449947 0.220822 0.148549
0.114034 0.000010 0.084312 0.028815 0.772819 0.000010
0.000010 0.000010 0.065528 0.042458 0.640264 0.251730
0.027457 0.000010 0.049787 0.133899 0.567130 0.221716
0.000010 0.000010 0.037301 0.000010 0.517478 0.445192
0.000010 0.000010 0.034248 0.937861 0.000010 0.027861
0.000010 0.123517 0.028354 0.563806 0.284303 0.000010
0.054308 0.118886 0.032252 0.183650 0.401839 0.209064
0.070031 0.109005 0.013219 0.000010 0.807725 0.000010
0.000010 0.000010 0.046332 0.085929 0.811112 0.056607
0.452861 0.082805 0.000010 0.216955 0.247359 0.000010
0.000010 0.343690 0.014052 0.008662 0.518290 0.115295
0.081173 0.000010 0.000010 0.129425 0.508090 0.281291
0.000010 0.115475 0.050595 0.000010 0.000010 0.833900
0.146903 0.093872 0.091603 0.228524 0.385846 0.053253
0.047833 0.000010 0.041354 0.363024 0.363347 0.184432
0.000010 0.000010 0.040527 0.124754 0.834689 0.000010
0.083301 0.015324 0.043590 0.105876 0.136385 0.615525
0.000010 0.196858 0.011679 0.492606 0.228081 0.070765
0.009430 0.000010 0.027340 0.143792 0.819417 0.000010
0.000010 0.000010 0.000010 0.181676 0.652581 0.165713
0.136965 0.195804 0.090984 0.151552 0.222995 0.201700
0.084246 0.000010 0.028507 0.101387 0.778014 0.007835
0.000010 0.000010 0.009331 0.077671 0.000010 0.912968
0.044914 0.000010 0.033586 0.025830 0.336777 0.558884
0.063776 0.107032 0.047878 0.231805 0.387845 0.161664
0.297641 0.058668 0.037179 0.000010 0.410933 0.195569
0.127198 0.131660 0.104523 0.280329 0.130833 0.225458
0.004770 0.142909 0.005625 0.275970 0.269448 0.301277
0.144577 0.009235 0.123841 0.139690 0.387189 0.195468
0.113256 0.073335 0.044073 0.000010 0.423376 0.345950
0.209650 0.063317 0.029582 0.055028 0.263408 0.379014
0.000010 0.038903 0.000010 0.068957 0.783160 0.108960
0.179249 0.000010 0.036081 0.542958 0.241692 0.000010
0.000010 0.000010 0.070425 0.035650 0.403270 0.490635
0.132457 0.010214 0.054548 0.374086 0.336442 0.092254
0.327104 0.000010 0.048005 0.624860 0.000010 0.000010
0.261640 0.141687 0.049025 0.015718 0.288431 0.243499
0.000010 0.000010 0.019025 0.183574 0.787507 0.009874
0.205479 0.016970 0.030714 0.259224 0.192693 0.294920
0.000010 0.008468 0.000010 0.322470 0.527343 0.141699
0.602170 0.000010 0.000010 0.083703 0.000010 0.314097
0.000010 0.000010 0.000010 0.193216 0.806744 0.000010
0.000010 0.076568 0.005911 0.000010 0.000010 0.917491
0.000010 0.045489 0.000010 0.181125 0.773357 0.000010
0.010944 0.061140 0.041926 0.355490 0.511927 0.018573
0.078750 0.058198 0.009798 0.000010 0.449130 0.404114
0.000010 0.089011 0.104208 0.173024 0.340862 0.292886
0.000010 0.233551 0.072387 0.052695 0.397297 0.244060
0.081778 0.039222 0.077981 0.312994 0.223319 0.264705
0.393406 0.000010 0.070418 0.106229 0.168172 0.261766
0.017818 0.087637 0.056453 0.000010 0.680483 0.157600
0.108463 0.198182 0.028284 0.165711 0.136316 0.363043
0.302989 0.086168 0.000010 0.196255 0.414568 0.000010
0.058583 0.067688 0.134896 0.342236 0.267889 0.128708
0.127638 0.000010 0.078418 0.454525 0.339398 0.000010
0.016311 0.026642 0.000010 0.210953 0.636644 0.109440
0.000010 0.000010 0.052826 0.399003 0.543501 0.004651
0.171038 0.000010 0.000010 0.000010 0.546075 0.282857
0.147848 0.155187 0.009075 0.676831 0.000010 0.011049
0.076782 0.000010 0.044338 0.111217 0.617990 0.149663
0.000010 0.109405 0.027724 0.118653 0.409802 0.334407
0.203011 0.235689 0.045885 0.004161 0.511244 0.000010
0.193741 0.045324 0.078936 0.000010 0.681979 0.000010
0.557761 0.001965 0.000010 0.131601 0.211398 0.097265
0.066169 0.000010 0.001987 0.890832 0.000010 0.040992
0.000010 0.138750 0.000846 0.062516 0.326368 0.471511
0.021564 0.118664 0.048616 0.201713 0.347794 0.261649
0.021831 0.111381 0.054336 0.321481 0.311992 0.178979
0.158185 0.118436 0.030424 0.194877 0.007619 0.490459
0.089936 0.115774 0.038966 0.373300 0.135843 0.246182
0.000010 0.000010 0.001093 0.201930 0.796947 0.000010
0.000010 0.057067 0.000010 0.000010 0.831540 0.111363
0.606034 0.183928 0.013763 0.141276 0.036833 0.018166
0.000010 0.231213 0.017489 0.167962 0.389753 0.193573
0.143742 0.000010 0.039626 0.518445 0.212432 0.085745
0.000010 0.000010 0.000010 0.000010 0.999950 0.000010
0.145691 0.000010 0.040568 0.521837 0.207300 0.084595
0.000010 0.000010 0.999950 0.000010 0.000010 0.000010
0.458806 0.038787 0.130772 0.371615 0.000010 0.000010
0.000010 0.390783 0.045345 0.092823 0.471029 0.000010
0.000010 0.000010 0.056531 0.233461 0.225242 0.484746
0.108908 0.891052 0.000010 0.000010 0.000010 0.000010
0.133529 0.000010 0.050576 0.115848 0.490601 0.209437
0.075678 0.029826 0.000010 0.244327 0.263115 0.387044
0.059451 0.000010 0.047044 0.361627 0.531859 0.000010
0.388405 0.000010 0.017215 0.003163 0.375202 0.216005
0.000010 0.249446 0.023717 0.143380 0.153187 0.430259
0.000010 0.000010 0.999949 0.000010 0.000011 0.000010
0.000010 0.000010 0.016156 0.070128 0.124059 0.789637
0.000010 0.000010 0.999949 0.000010 0.000011 0.000010
0.043685 0.149630 0.012241 0.242648 0.471137 0.080659
0.000010 0.444451 0.026612 0.000010 0.481579 0.047337
0.000010 0.132477 0.018680 0.137443 0.667388 0.044003
0.115668 0.245290 0.143254 0.419825 0.000010 0.075954
0.097848 0.216976 0.140460 0.149449 0.395258 0.000010
0.999950 0.000010 0.000010 0.000010 0.000010 0.000010
0.485972 0.000010 0.021110 0.451922 0.000010 0.040977
0.556514 0.000010 0.000010 0.200565 0.081924 0.160977
0.777043 0.000010 0.000010 0.222917 0.000010 0.000010
0.569786 0.130402 0.024623 0.275170 0.000010 0.000010
0.524668 0.105069 0.011322 0.171834 0.000010 0.187098
0.474472 0.000010 0.101745 0.423754 0.000010 0.000010
0.000010 0.000010 0.027523 0.242312 0.656567 0.073578
0.075081 0.000010 0.013941 0.356030 0.485705 0.069233
0.000010 0.000010 0.011782 0.036412 0.951776 0.000010
0.999950 0.000010 0.000010 0.000010 0.000010 0.000010
0.263923 0.000010 0.090593 0.645455 0.000010 0.000010
0.029017 0.014078 0.095466 0.861419 0.000010 0.000010
0.507834 0.000010 0.050301 0.441835 0.000010 0.000010
0.485438 0.117320 0.039084 0.082701 0.000010 0.275446
0.216279 0.039154 0.162654 0.581893 0.000010 0.000010
0.405613 0.078435 0.034252 0.004350 0.185064 0.292286
0.546177 0.065984 0.041095 0.166854 0.154124 0.025766
0.000010 0.000010 0.007256 0.000010 0.992704 0.000010
0.320022 0.000010 0.022203 0.516452 0.092311 0.049003
0.000010 0.000010 0.067474 0.932486 0.000010 0.000010
0.000010 0.136593 0.105835 0.368454 0.006048 0.383061
0.000010 0.000010 0.096588 0.903372 0.000010 0.000010
0.999950 0.000010 0.000010 0.000010 0.000010 0.000010
0.915992 0.000010 0.000010 0.000010 0.000010 0.083968
0.104729 0.000010 0.077789 0.814821 0.002641 0.000010
0.000010 0.081171 0.012363 0.793764 0.112683 0.000010
0.152710 0.000010 0.036505 0.805759 0.000010 0.005006
0.439670 0.000010 0.041607 0.518693 0.000010 0.000010
0.475299 0.000010 0.030437 0.491890 0.000010 0.002354
0.529361 0.144437 0.080868 0.104982 0.052181 0.088171
0.000010 0.162829 0.000010 0.349035 0.488107 0.000010
0.055403 0.000010 0.059248 0.742149 0.041947 0.101242
0.329128 0.000010 0.036195 0.000010 0.402289 0.232368
0.999950 0.000010 0.000010 0.000010 0.000010 0.000010
0.490466 0.000010 0.000010 0.366621 0.075964 0.066928
0.585143 0.040116 0.000013 0.374708 0.000010 0.000010
0.999950 0.000010 0.000010 0.000010 0.000010 0.000010
0.543309 0.000010 0.000010 0.109842 0.000010 0.346819
0.364751 0.032731 0.000010 0.077333 0.000010 0.525165
0.893672 0.009814 0.000010 0.081460 0.000010 0.015034
0.461372 0.129270 0.084959 0.128783 0.191832 0.003784
0.028801 0.140844 0.000010 0.192653 0.366884 0.270807
0.122190 0.069512 0.026419 0.015058 0.766810 0.000010
0.040588 0.078026 0.053201 0.180542 0.534664 0.112978
0.487810 0.000010 0.014708 0.497452 0.000010 0.000010
0.692182 0.000010 0.031016 0.243853 0.032267 0.000673
0.330261 0.000010 0.093996 0.483918 0.091806 0.000010
0.436146 0.094231 0.022128 0.000010 0.000010 0.447475
0.719909 0.000010 0.006407 0.198901 0.074763 0.000010
0.663767 0.089404 0.000010 0.091031 0.092943 0.062844
0.026606 0.003254 0.050837 0.008326 0.118858 0.792118
0.479089 0.000010 0.000010 0.520871 0.000010 0.000010
0.000010 0.000010 0.016503 0.104312 0.261953 0.617213
0.000010 0.000010 0.012489 0.148046 0.721890 0.117555
0.588981 0.124248 0.000010 0.054024 0.010361 0.222376
0.128415 0.003829 0.035311 0.070121 0.648187 0.114138
0.542812 0.005933 0.123523 0.287860 0.039862 0.000010
0.525392 0.000010 0.047699 0.066939 0.134747 0.225212
0.115314 0.071749 0.034574 0.772757 0.000010 0.005595
0.785515 0.000010 0.060160 0.154295 0.000010 0.000010
0.278926 0.000010 0.070909 0.000010 0.000010 0.650134
0.245527 0.000010 0.204222 0.550221 0.000010 0.000010
0.240212 0.111710 0.000010 0.340393 0.274250 0.033425
0.284891 0.000010 0.000010 0.529054 0.186025 0.000010
0.496059 0.000010 0.019203 0.013395 0.000010 0.471323
0.160655 0.000010 0.042149 0.318018 0.479159 0.000010
0.047381 0.041245 0.073779 0.495145 0.085864 0.256586
0.251567 0.000010 0.119871 0.544970 0.083572 0.000010
0.459714 0.000010 0.029421 0.302486 0.029143 0.179226
0.629198 0.000010 0.000010 0.370762 0.000010 0.000010
0.000010 0.457139 0.027955 0.000010 0.462524 0.052362
0.375068 0.000010 0.000010 0.524931 0.049640 0.050341
0.546307 0.016654 0.031565 0.405454 0.000010 0.000010
0.785137 0.071957 0.000010 0.142876 0.000010 0.000010
0.262823 0.104675 0.000010 0.053788 0.093925 0.484779
0.502018 0.000010 0.000010 0.048941 0.015530 0.433491
0.000010 0.111575 0.118045 0.000010 0.275934 0.494425
0.143752 0.206583 0.023186 0.126047 0.500423 0.000010
0.474614 0.064450 0.019669 0.441248 0.000010 0.000010
0.999950 0.000010 0.000010 0.000010 0.000010 0.000010
0.645858 0.155652 0.009277 0.000010 0.125301 0.063902
0.299725 0.120652 0.019103 0.000010 0.003820 0.556690
0.987245 0.000010 0.012715 0.000010 0.000010 0.000010
0.257613 0.000010 0.000010 0.533827 0.208530 0.000010
0.849128 0.000010 0.027117 0.123725 0.000010 0.000010
0.011691 0.000010 0.064318 0.245822 0.678149 0.000010
0.018404 0.260268 0.028443 0.000010 0.692865 0.000010
0.161361 0.528983 0.019288 0.000010 0.290348 0.000010
