0.999970 0.000010 0.000010 0.000010
0.381099 0.016474 0.137995 0.464432
0.458225 0.000010 0.000010 0.541755
0.888742 0.000010 0.064526 0.046722
0.614035 0.006508 0.000010 0.379447
0.328993 0.000010 0.202562 0.468436
0.387429 0.051455 0.000010 0.561106
0.756531 0.000010 0.000010 0.243449
0.477485 0.000010 0.000010 0.522495
0.095657 0.095852 0.291065 0.517427
0.753936 0.000010 0.246044 0.000010
0.291939 0.031394 0.226287 0.450380
0.731280 0.000010 0.018064 0.250646
0.796712 0.000010 0.000010 0.203268
0.269931 0.000010 0.150106 0.579953
0.354004 0.004411 0.096687 0.544898
0.999970 0.000010 0.000010 0.000010
0.845916 0.019792 0.000010 0.134282
0.296658 0.020303 0.226485 0.456555
0.070692 0.190920 0.273524 0.464864
0.562939 0.012346 0.000010 0.424705
0.191915 0.014632 0.326375 0.467078
0.166429 0.034334 0.463954 0.335282
0.818145 0.028394 0.153451 0.000010
0.999970 0.000010 0.000010 0.000010
0.205467 0.029698 0.342466 0.422370
0.380385 0.027804 0.000010 0.591801
0.483160 0.015605 0.000010 0.501224
0.561257 0.000077 0.000010 0.438656
0.127466 0.058151 0.503897 0.310486
0.499753 0.000010 0.081869 0.418368
0.858614 0.039951 0.000010 0.101425
0.241697 0.000010 0.300952 0.457341
0.174882 0.018867 0.234021 0.572230
0.377844 0.024273 0.000010 0.597873
0.333887 0.027127 0.000010 0.638977
0.236756 0.123021 0.550924 0.089299
0.012045 0.086197 0.476520 0.425239
0.489631 0.066099 0.253798 0.190471
0.564879 0.011680 0.000010 0.423431
0.195618 0.008143 0.198758 0.597482
0.911635 0.010303 0.000010 0.078052
0.040083 0.028084 0.439151 0.492682
0.520141 0.054656 0.213820 0.211382
0.999970 0.000010 0.000010 0.000010
0.614798 0.000010 0.000010 0.385182
0.153658 0.157627 0.474565 0.214150
0.097154 0.005055 0.000010 0.897781
0.860331 0.013506 0.000010 0.126154
0.999970 0.000010 0.000010 0.000010
0.473919 0.000010 0.135929 0.390143
0.275525 0.078679 0.000010 0.645786
0.029839 0.034514 0.363505 0.572142
0.109327 0.030094 0.748474 0.112106
0.252771 0.031906 0.141242 0.574080
0.656500 0.046424 0.073811 0.223265
0.073065 0.064407 0.557353 0.305175
0.448419 0.023983 0.182331 0.345268
0.259021 0.040198 0.091404 0.609376
0.155923 0.000010 0.352410 0.491656
0.840893 0.000010 0.000010 0.159087
0.000010 0.076138 0.004430 0.919422
0.320602 0.103332 0.303153 0.272914
0.306086 0.066675 0.069257 0.557983
0.343427 0.000010 0.397791 0.258771
0.116894 0.039337 0.348229 0.495539
0.527848 0.028990 0.160873 0.282289
0.330692 0.100955 0.475983 0.092370
0.879676 0.007769 0.000010 0.112545
0.618212 0.000010 0.014141 0.367636
0.076902 0.043211 0.333679 0.546208
0.170557 0.016550 0.719881 0.093012
0.274769 0.043218 0.419230 0.262783
0.186413 0.049967 0.217283 0.546337
0.040500 0.041670 0.496693 0.421137
0.166769 0.040100 0.695853 0.097278
0.193858 0.043650 0.762482 0.000010
0.031382 0.119216 0.758055 0.091347
0.000010 0.091328 0.868677 0.039985
0.021596 0.072382 0.750032 0.155990
0.019612 0.058512 0.794471 0.127406
0.000010 0.098226 0.889546 0.012218
0.124345 0.056508 0.819137 0.000010
0.162906 0.049360 0.617140 0.170594
0.186250 0.053914 0.716846 0.042990
0.000010 0.084028 0.915952 0.000010
0.102216 0.005167 0.412072 0.480545
0.382284 0.031409 0.572763 0.013544
0.000010 0.013254 0.804259 0.182477
0.247923 0.025326 0.316139 0.410612
0.105424 0.140093 0.597674 0.156809
0.000010 0.079678 0.773525 0.146787
0.000010 0.081670 0.918310 0.000010
0.060114 0.067248 0.493078 0.379560
0.209633 0.037642 0.752715 0.000010
0.000010 0.077304 0.922676 0.000010
0.000010 0.000010 0.941294 0.058686
0.252209 0.108781 0.403109 0.235900
0.025640 0.075192 0.822405 0.076763
0.037412 0.009526 0.410866 0.542195
0.000010 0.031360 0.624249 0.344380
0.122133 0.072858 0.647608 0.157401
0.118886 0.047026 0.425829 0.408259
0.164543 0.129655 0.481355 0.224446
0.170409 0.031251 0.667451 0.130889
0.056206 0.163302 0.547059 0.233432
0.109501 0.084700 0.523361 0.282438
0.111034 0.070681 0.414333 0.403953
0.081765 0.000010 0.873687 0.044538
0.000010 0.081801 0.725886 0.192303
0.001481 0.076502 0.685406 0.236611
0.018753 0.084914 0.702286 0.194047
0.000010 0.101935 0.526411 0.371644
0.201495 0.078161 0.359380 0.360963
0.000010 0.098639 0.901341 0.000010
0.041158 0.059399 0.549990 0.349453
0.016322 0.006673 0.951312 0.025693
0.000010 0.000010 0.073082 0.926898
0.000010 0.023234 0.976746 0.000010
0.188371 0.000010 0.293985 0.517634
0.090292 0.000010 0.909688 0.000010
0.071859 0.071686 0.827869 0.028586
0.129350 0.042860 0.531976 0.295813
0.137044 0.126995 0.633029 0.102932
0.322261 0.093363 0.553479 0.030898
0.047577 0.100395 0.654579 0.197448
0.004343 0.085075 0.372443 0.538138
0.122426 0.114271 0.720803 0.042501
0.240702 0.042647 0.469322 0.247329
0.139398 0.042167 0.501942 0.316493
0.085560 0.180409 0.622160 0.111871
0.000010 0.167058 0.660385 0.172547
0.040407 0.012361 0.870120 0.077111
0.000010 0.102364 0.897616 0.000010
0.035234 0.050282 0.584079 0.330406
0.232533 0.065193 0.486897 0.215377
0.000010 0.076002 0.768809 0.155179
0.139517 0.053940 0.706937 0.099606
0.322031 0.085119 0.419955 0.172895
0.129605 0.118871 0.595200 0.156324
0.028920 0.000010 0.339243 0.631827
0.032078 0.054919 0.752501 0.160502
0.212040 0.018151 0.672625 0.097184
0.156296 0.072577 0.594824 0.176303
0.146977 0.093409 0.622357 0.137257
0.175689 0.043628 0.337059 0.443624
0.155540 0.055220 0.560263 0.228977
0.000010 0.034512 0.965468 0.000010
0.111964 0.000010 0.888016 0.000010
0.210589 0.037481 0.085044 0.666885
0.270027 0.031718 0.624143 0.074112
0.000010 0.070087 0.711317 0.218585
0.000010 0.058119 0.941861 0.000010
0.000010 0.070991 0.708206 0.220794
0.000010 0.999970 0.000010 0.000010
0.109224 0.167031 0.152696 0.571049
0.411537 0.072839 0.515614 0.000010
0.000010 0.070328 0.728016 0.201646
0.981889 0.000010 0.000010 0.018091
0.020702 0.071931 0.679290 0.228077
0.052914 0.000444 0.666217 0.280424
0.000010 0.100223 0.887757 0.012010
0.030074 0.038041 0.437474 0.494411
0.293263 0.039925 0.659094 0.007717
0.000010 0.999970 0.000010 0.000010
0.008622 0.002405 0.553586 0.435387
0.000016 0.999964 0.000010 0.000010
0.187140 0.051572 0.663405 0.097883
0.558811 0.056437 0.384741 0.000010
0.175562 0.043305 0.781123 0.000010
0.282321 0.174489 0.279963 0.263227
0.279349 0.185944 0.465810 0.068898
0.000010 0.000010 0.000010 0.999970
0.022666 0.076726 0.312310 0.588298
0.000010 0.000010 0.320599 0.679381
0.000010 0.000010 0.147645 0.852335
0.150427 0.072379 0.152392 0.624801
0.155172 0.022144 0.109723 0.712961
0.035628 0.149636 0.235908 0.578828
0.000010 0.056343 0.943637 0.000010
0.000010 0.053991 0.814519 0.131479
0.068926 0.041735 0.889328 0.000010
0.000010 0.000010 0.000010 0.999970
0.023424 0.158949 0.461613 0.356013
0.034402 0.168259 0.708045 0.089293
0.064335 0.115654 0.269243 0.550768
0.188552 0.063572 0.054189 0.693687
0.068137 0.217500 0.381451 0.332912
0.141868 0.053667 0.238585 0.565880
0.110096 0.062295 0.236205 0.591404
0.000010 0.108917 0.891063 0.000010
0.000010 0.070237 0.599952 0.329801
0.000010 0.152633 0.769122 0.078234
0.146820 0.128792 0.604966 0.119421
0.000010 0.183903 0.727875 0.088212
0.000010 0.000010 0.000010 0.999970
0.000010 0.000010 0.000010 0.999970
0.028759 0.151078 0.708809 0.111354
0.109706 0.109434 0.750752 0.030107
0.000010 0.101737 0.719334 0.178919
0.018373 0.110720 0.372458 0.498449
0.026330 0.095795 0.313531 0.564344
0.189645 0.104014 0.107724 0.598618
0.200446 0.065271 0.734272 0.000010
0.000010 0.110220 0.744462 0.145308
0.045166 0.046753 0.403871 0.504210
0.000010 0.000010 0.000010 0.999970
0.000010 0.040947 0.413711 0.545332
0.175017 0.037628 0.079233 0.708121
0.000010 0.000010 0.000010 0.999970
0.002258 0.000010 0.162425 0.835307
0.106869 0.000010 0.234450 0.658671
0.062920 0.000010 0.000010 0.937060
0.140183 0.089540 0.299075 0.471202
0.173034 0.000010 0.662255 0.164701
0.099917 0.054678 0.737279 0.108126
0.124595 0.083183 0.698726 0.093496
0.015314 0.066486 0.409312 0.508888
0.000010 0.047562 0.224049 0.728380
0.000010 0.147490 0.492691 0.359809
0.231182 0.018080 0.015540 0.735198
0.000010 0.029038 0.199071 0.771881
0.120370 0.000010 0.138821 0.740799
0.105071 0.031716 0.406597 0.456616
0.000010 0.004037 0.422934 0.573020
0.000010 0.043743 0.816702 0.139545
0.004227 0.033903 0.961860 0.000010
0.163112 0.000010 0.093152 0.743726
0.020302 0.051415 0.742900 0.185382
0.035447 0.155462 0.266362 0.542729
0.000010 0.056438 0.243982 0.699570
0.096575 0.064246 0.642221 0.196959
0.000010 0.071678 0.091751 0.836561
0.000010 0.064661 0.295171 0.640158
0.000010 0.269465 0.431916 0.298609
0.168679 0.034074 0.481624 0.315623
0.000010 0.035841 0.705668 0.258481
0.000010 0.008151 0.130512 0.861327
0.000010 0.080626 0.767041 0.152323
0.057930 0.101578 0.660909 0.179583
0.000010 0.177412 0.505221 0.317357
0.000010 0.056138 0.369260 0.574592
0.000010 0.016755 0.242480 0.740754
0.570635 0.057039 0.372317 0.000010
0.000010 0.002814 0.575251 0.421926
0.052617 0.077046 0.311949 0.558388
0.130735 0.006503 0.000010 0.862753
0.194854 0.000010 0.208847 0.596290
0.041422 0.005550 0.186426 0.766603
0.178523 0.127860 0.595537 0.098080
0.248344 0.049837 0.559635 0.142184
0.102944 0.043837 0.365636 0.487582
0.000010 0.018161 0.000010 0.981819
0.235443 0.009763 0.021774 0.733020
0.240997 0.009536 0.136780 0.612688
0.000010 0.006292 0.000010 0.993688
0.000010 0.024230 0.723360 0.252400
0.000010 0.044436 0.000010 0.955544
0.000010 0.110745 0.863549 0.025696
0.364294 0.052512 0.583184 0.000010
0.605153 0.049963 0.239113 0.105771
