0.477189 0.000010 0.522731 0.000010 0.000010 0.000010 0.000010 0.000010 0.000010 0.000010
0.069749 0.496847 0.208310 0.000010 0.000010 0.159728 0.000010 0.053148 0.006423 0.005765
0.118642 0.166289 0.227178 0.000010 0.000010 0.339389 0.000010 0.148452 0.000010 0.000010
0.104144 0.000010 0.791870 0.000010 0.103916 0.000010 0.000010 0.000010 0.000010 0.000010
0.178910 0.000010 0.270736 0.000010 0.000010 0.371474 0.000010 0.000010 0.000010 0.178820
0.118961 0.008949 0.021082 0.000010 0.199928 0.390341 0.018588 0.038153 0.000010 0.203977
0.033472 0.000010 0.151411 0.055132 0.000010 0.642760 0.000010 0.000010 0.014783 0.102402
0.073366 0.000010 0.689579 0.000010 0.000010 0.162924 0.015409 0.046109 0.000010 0.012574
0.036408 0.040334 0.274693 0.000010 0.000010 0.470664 0.000010 0.088975 0.088886 0.000010
0.000010 0.391962 0.000010 0.083153 0.000010 0.338630 0.113003 0.000010 0.073202 0.000010
0.000010 0.000010 0.931264 0.000010 0.000010 0.000010 0.068656 0.000010 0.000010 0.000010
0.034880 0.379296 0.119417 0.032970 0.145507 0.275830 0.000010 0.012070 0.000010 0.000010
0.344391 0.193270 0.217555 0.000010 0.020265 0.153292 0.000010 0.000010 0.000010 0.071187
0.181473 0.039535 0.613568 0.000010 0.000010 0.071868 0.000010 0.093505 0.000010 0.000010
0.087979 0.580486 0.057295 0.000010 0.000010 0.214319 0.000010 0.059871 0.000010 0.000010
0.113243 0.002439 0.120893 0.000010 0.041614 0.359058 0.015659 0.135226 0.008107 0.203749
0.999910 0.000010 0.000010 0.000010 0.000010 0.000010 0.000010 0.000010 0.000010 0.000010
0.076767 0.000010 0.791849 0.000010 0.064276 0.000010 0.000010 0.048652 0.018406 0.000010
0.047383 0.519404 0.112872 0.028834 0.000010 0.233469 0.000010 0.018741 0.000010 0.039268
0.000010 0.106697 0.000010 0.198315 0.210376 0.455296 0.000010 0.000010 0.029266 0.000010
0.000010 0.000010 0.547377 0.000010 0.000010 0.410571 0.010122 0.000010 0.031870 0.000010
0.000010 0.485508 0.046110 0.000010 0.103016 0.304569 0.045243 0.000010 0.000010 0.015514
0.000010 0.344056 0.069931 0.000010 0.118457 0.161945 0.000010 0.000010 0.155265 0.150306
0.000010 0.000010 0.916210 0.000010 0.000010 0.000010 0.083710 0.000010 0.000010 0.000010
0.460122 0.000010 0.528931 0.000010 0.000010 0.000010 0.010876 0.000010 0.000010 0.000010
0.000010 0.402235 0.165645 0.016525 0.028720 0.175746 0.080873 0.104447 0.000010 0.025788
0.099425 0.000010 0.000010 0.000010 0.000010 0.900495 0.000010 0.000010 0.000010 0.000010
0.000010 0.000010 0.362630 0.004762 0.000010 0.632537 0.000010 0.000010 0.000010 0.000010
0.092938 0.117607 0.333216 0.000010 0.000010 0.425636 0.000010 0.000010 0.030553 0.000010
0.000010 0.406289 0.062419 0.023658 0.000010 0.138119 0.171285 0.000010 0.163092 0.035109
0.010719 0.000010 0.366026 0.000010 0.017232 0.480983 0.124990 0.000010 0.000010 0.000010
0.000010 0.000010 0.962222 0.037698 0.000010 0.000010 0.000010 0.000010 0.000010 0.000010
0.000010 0.349840 0.084469 0.000010 0.103300 0.288223 0.017341 0.000010 0.000010 0.156787
0.000010 0.787954 0.000010 0.000010 0.000010 0.210609 0.000010 0.000010 0.001367 0.000010
0.094523 0.000010 0.000010 0.000010 0.000010 0.905397 0.000010 0.000010 0.000010 0.000010
0.067538 0.270084 0.063018 0.009543 0.000010 0.499915 0.000010 0.031259 0.058612 0.000010
0.076364 0.198767 0.147740 0.084592 0.108737 0.005939 0.125012 0.016066 0.136953 0.099831
0.002083 0.257814 0.000010 0.039889 0.000010 0.101736 0.000010 0.150789 0.346693 0.100965
0.139091 0.045462 0.256858 0.040544 0.120365 0.239965 0.032401 0.000010 0.125295 0.000010
0.227782 0.153542 0.097550 0.000010 0.000010 0.374806 0.000010 0.000010 0.000010 0.146270
0.000010 0.643860 0.000010 0.012803 0.000010 0.270948 0.000010 0.072329 0.000010 0.000010
0.000010 0.000010 0.999910 0.000010 0.000010 0.000010 0.000010 0.000010 0.000010 0.000010
0.010314 0.312157 0.000010 0.009040 0.214245 0.277961 0.000010 0.053840 0.005469 0.116953
0.159008 0.185584 0.284710 0.029671 0.000010 0.173473 0.056560 0.000010 0.000010 0.110964
0.999910 0.000010 0.000010 0.000010 0.000010 0.000010 0.000010 0.000010 0.000010 0.000010
0.000010 0.000010 0.607675 0.000010 0.000010 0.363775 0.000010 0.000010 0.026620 0.001871
0.017117 0.000010 0.091903 0.100573 0.044903 0.125411 0.394281 0.064860 0.017731 0.143211
0.000010 0.000010 0.000010 0.003157 0.000010 0.817347 0.000010 0.000010 0.000010 0.179426
0.280127 0.000010 0.519332 0.018186 0.000010 0.123825 0.058481 0.000010 0.000010 0.000010
0.999910 0.000010 0.000010 0.000010 0.000010 0.000010 0.000010 0.000010 0.000010 0.000010
0.046264 0.102799 0.323064 0.000010 0.061411 0.363037 0.000010 0.026706 0.035198 0.041500
0.066805 0.000010 0.000010 0.065847 0.089036 0.645230 0.025068 0.081242 0.026742 0.000010
0.000010 0.210293 0.000010 0.002019 0.168182 0.382200 0.000010 0.000010 0.000010 0.237256
0.000014 0.360039 0.099364 0.000010 0.301286 0.000010 0.153279 0.041345 0.006398 0.038254
0.000010 0.000010 0.115885 0.019753 0.000010 0.600390 0.148159 0.011631 0.068229 0.035922
0.016803 0.176823 0.611573 0.024579 0.000010 0.011496 0.000010 0.045537 0.000010 0.113158
0.024591 0.043723 0.000010 0.027161 0.262737 0.164010 0.125480 0.119534 0.107656 0.125099
0.026801 0.130747 0.296946 0.000010 0.007410 0.301402 0.000010 0.000010 0.162287 0.074377
0.014971 0.138235 0.103490 0.021474 0.000010 0.569812 0.046616 0.033880 0.071503 0.000010
0.000010 0.593204 0.013013 0.000010 0.000010 0.265689 0.090557 0.000010 0.000010 0.037487
0.056024 0.000010 0.854181 0.000010 0.000010 0.089725 0.000010 0.000010 0.000010 0.000010
0.000010 0.005985 0.000010 0.066508 0.000010 0.368893 0.033322 0.427226 0.000010 0.098027
0.024948 0.282839 0.236253 0.065625 0.000010 0.188423 0.049978 0.000010 0.027578 0.124337
0.000010 0.000010 0.128095 0.034230 0.000010 0.543305 0.000010 0.000010 0.140175 0.154145
0.000010 0.070665 0.302768 0.000010 0.299499 0.275730 0.000010 0.000010 0.051287 0.000010
0.000010 0.538948 0.037029 0.020785 0.000010 0.172505 0.069575 0.000010 0.000010 0.161117
0.230714 0.137945 0.236211 0.025191 0.100555 0.201930 0.004404 0.053726 0.006060 0.003265
0.036542 0.077473 0.227676 0.046999 0.106729 0.000010 0.000010 0.000325 0.131328 0.372907
0.000010 0.000010 0.999910 0.000010 0.000010 0.000010 0.000010 0.000010 0.000010 0.000010
0.128056 0.111934 0.322180 0.000010 0.000010 0.320701 0.000010 0.000010 0.000010 0.117079
0.000010 0.036270 0.000010 0.007104 0.163028 0.423490 0.085887 0.049780 0.000010 0.234411
0.000010 0.452438 0.097458 0.000010 0.242724 0.000010 0.034466 0.000010 0.172864 0.000010
0.000017 0.105365 0.179143 0.013608 0.026386 0.266664 0.114626 0.000010 0.294172 0.000010
0.000010 0.305714 0.031795 0.020921 0.000010 0.392794 0.026420 0.000010 0.080428 0.141898
0.000010 0.389343 0.000010 0.029991 0.342886 0.203527 0.000010 0.034203 0.000010 0.000010
0.000010 0.047105 0.129988 0.000010 0.000010 0.011934 0.283355 0.018419 0.000010 0.509159
0.000010 0.200319 0.213533 0.000010 0.156419 0.000010 0.113924 0.000010 0.315754 0.000010
0.000010 0.000010 0.005787 0.075353 0.348497 0.119675 0.447041 0.000010 0.003607 0.000010
0.055418 0.179915 0.000010 0.049415 0.239834 0.010622 0.464757 0.000010 0.000010 0.000010
0.000010 0.062244 0.000010 0.036161 0.245579 0.095884 0.090320 0.000010 0.000010 0.469771
0.015919 0.457438 0.000010 0.028330 0.264980 0.000010 0.204036 0.000010 0.000010 0.029257
0.000010 0.000010 0.000010 0.000010 0.000010 0.000010 0.382301 0.000010 0.617619 0.000010
0.000010 0.067973 0.165574 0.000010 0.107700 0.000010 0.216725 0.000010 0.441978 0.000010
0.061945 0.139538 0.000010 0.034508 0.419501 0.122599 0.000010 0.000010 0.086594 0.135284
0.000010 0.000010 0.200065 0.000010 0.178913 0.019471 0.509654 0.033930 0.000010 0.057927
0.000010 0.000010 0.000010 0.007645 0.085256 0.000010 0.907029 0.000010 0.000010 0.000010
0.029422 0.000010 0.000010 0.000010 0.272196 0.340314 0.000010 0.162160 0.195858 0.000010
0.081306 0.089926 0.275242 0.016011 0.402311 0.000010 0.064383 0.000010 0.000010 0.070790
0.022843 0.285281 0.000010 0.000010 0.108227 0.000010 0.271631 0.044427 0.017347 0.250214
0.000010 0.582933 0.176910 0.015373 0.000010 0.130420 0.028877 0.032798 0.000010 0.032659
0.000010 0.128071 0.179979 0.077736 0.021474 0.013718 0.260761 0.060118 0.154086 0.104047
0.029046 0.117549 0.000010 0.012285 0.000010 0.005786 0.451279 0.049058 0.160570 0.174406
0.000010 0.000010 0.000010 0.000010 0.000010 0.000010 0.927672 0.072248 0.000010 0.000010
0.000010 0.364761 0.000010 0.011528 0.000010 0.192258 0.240586 0.000010 0.000010 0.190816
0.000010 0.088383 0.251958 0.000010 0.198814 0.000010 0.092969 0.000010 0.367827 0.000010
0.000010 0.000010 0.000010 0.000010 0.000010 0.000010 0.999910 0.000010 0.000010 0.000010
0.000010 0.126760 0.000010 0.000010 0.818217 0.000010 0.000010 0.000010 0.054953 0.000010
0.061676 0.162974 0.149850 0.076897 0.139306 0.112017 0.119291 0.069309 0.108669 0.000010
0.028700 0.033862 0.051581 0.000010 0.000010 0.000010 0.828396 0.057411 0.000010 0.000010
0.000010 0.486082 0.000010 0.000010 0.000010 0.282412 0.231436 0.000010 0.000010 0.000010
0.008328 0.502504 0.000010 0.027742 0.401869 0.000010 0.000010 0.059507 0.000010 0.000010
0.096409 0.090290 0.000010 0.033773 0.366946 0.043396 0.194686 0.068351 0.106128 0.000010
0.000998 0.061082 0.000010 0.033258 0.218408 0.271806 0.200633 0.155892 0.000010 0.057903
0.021884 0.116620 0.109869 0.073925 0.000010 0.046755 0.218529 0.071236 0.108809 0.232364
0.039279 0.142708 0.043604 0.000010 0.000010 0.080280 0.143950 0.000010 0.083950 0.466199
0.000010 0.174795 0.000010 0.127981 0.323909 0.000010 0.000010 0.116554 0.054208 0.202513
0.069038 0.317336 0.000010 0.038792 0.146969 0.000010 0.074690 0.064117 0.000010 0.289027
0.027443 0.311111 0.000010 0.025821 0.123726 0.223249 0.065423 0.000010 0.014532 0.208676
0.000010 0.047525 0.000010 0.000010 0.952395 0.000010 0.000010 0.000010 0.000010 0.000010
0.000010 0.000010 0.003435 0.014957 0.182736 0.105579 0.212371 0.074212 0.406681 0.000010
0.031399 0.475377 0.000010 0.045306 0.036268 0.000010 0.226147 0.062252 0.004261 0.118970
0.000010 0.000010 0.014434 0.035961 0.091607 0.134110 0.288343 0.000010 0.232021 0.203494
0.000010 0.000010 0.000010 0.037966 0.135868 0.169287 0.000010 0.146292 0.510538 0.000010
0.000010 0.101599 0.177312 0.038749 0.000010 0.234204 0.151606 0.055299 0.000010 0.241200
0.000010 0.000010 0.000010 0.000010 0.178920 0.000010 0.126089 0.000010 0.000010 0.694921
0.000010 0.279639 0.032590 0.012216 0.083623 0.093933 0.153949 0.152112 0.191918 0.000010
0.023318 0.097805 0.000010 0.000010 0.588099 0.000010 0.144544 0.000010 0.146183 0.000010
0.000010 0.275994 0.000010 0.000010 0.000010 0.000010 0.000010 0.647912 0.012471 0.063563
0.000010 0.000010 0.000010 0.000010 0.455404 0.000010 0.489842 0.000010 0.054684 0.000010
0.000010 0.652587 0.005554 0.000010 0.000010 0.276870 0.064929 0.000010 0.000010 0.000010
0.000010 0.000010 0.000010 0.000010 0.999910 0.000010 0.000010 0.000010 0.000010 0.000010
0.052906 0.015394 0.000010 0.034467 0.403593 0.025043 0.179708 0.000010 0.181848 0.107021
0.000010 0.237573 0.000010 0.000010 0.107295 0.173479 0.046050 0.000010 0.000010 0.435554
0.000372 0.164821 0.137644 0.072428 0.000010 0.060897 0.281581 0.000010 0.044060 0.238175
0.000010 0.152680 0.308669 0.050149 0.093085 0.000010 0.111392 0.000010 0.000010 0.283984
0.000010 0.342207 0.055789 0.070291 0.144249 0.067216 0.068352 0.025775 0.218765 0.007345
0.000010 0.234306 0.072347 0.066087 0.000010 0.046820 0.056805 0.308848 0.088501 0.126266
0.070456 0.156016 0.000010 0.026890 0.000010 0.000010 0.607365 0.000010 0.000010 0.139223
0.000010 0.410314 0.278043 0.005951 0.076343 0.000010 0.000010 0.144496 0.074069 0.010754
0.000010 0.000010 0.099214 0.000010 0.255958 0.000010 0.038042 0.207025 0.062280 0.337441
0.000010 0.029847 0.083213 0.108819 0.000010 0.000010 0.302572 0.024963 0.139270 0.311286
0.000010 0.000010 0.000010 0.071875 0.219482 0.037400 0.073473 0.009003 0.300956 0.287782
0.000010 0.000010 0.000010 0.000010 0.613760 0.130101 0.141684 0.000010 0.114395 0.000010
0.000010 0.000010 0.000010 0.002906 0.000010 0.000010 0.770872 0.000010 0.226152 0.000010
0.000010 0.190079 0.000010 0.000010 0.220591 0.171575 0.157877 0.000010 0.000010 0.259828
0.089028 0.000010 0.073900 0.000010 0.000010 0.031542 0.123786 0.085383 0.553780 0.042550
0.000010 0.060080 0.000010 0.027927 0.000010 0.000010 0.287818 0.071196 0.000010 0.552928
0.029068 0.406544 0.092689 0.020902 0.269814 0.000010 0.053211 0.000010 0.052435 0.075316
0.007746 0.000010 0.186966 0.045141 0.372720 0.030216 0.000010 0.066927 0.000010 0.290254
0.000010 0.000010 0.027880 0.073007 0.315715 0.174218 0.239160 0.000010 0.000010 0.169980
0.000010 0.088273 0.018871 0.000010 0.182505 0.402090 0.000010 0.201623 0.055849 0.050759
0.000010 0.000010 0.000010 0.000010 0.000010 0.107826 0.296556 0.000010 0.595548 0.000010
0.000010 0.555284 0.148122 0.000010 0.296524 0.000010 0.000010 0.000010 0.000010 0.000010
0.062566 0.134856 0.000010 0.033495 0.160854 0.166667 0.144654 0.000010 0.077958 0.218931
0.109083 0.065347 0.000010 0.033698 0.133897 0.126591 0.245890 0.000010 0.176864 0.108610
0.007720 0.311397 0.097523 0.015120 0.000010 0.209100 0.016471 0.059963 0.089629 0.193068
0.000010 0.204391 0.090094 0.023944 0.127455 0.164548 0.115431 0.000010 0.274106 0.000010
0.000010 0.000010 0.000010 0.006853 0.762327 0.000010 0.195026 0.000010 0.035734 0.000010
0.008483 0.011240 0.000010 0.000010 0.893660 0.000010 0.086557 0.000010 0.000010 0.000010
0.020991 0.000010 0.000010 0.005016 0.000010 0.588347 0.000010 0.000010 0.068157 0.317439
0.015417 0.169703 0.276429 0.002025 0.123487 0.000010 0.292825 0.006563 0.113531 0.000010
0.042563 0.000010 0.000010 0.004983 0.000010 0.000010 0.447078 0.140056 0.365270 0.000010
0.000010 0.000010 0.000010 0.000010 0.107911 0.000010 0.614029 0.000010 0.000010 0.277989
0.041771 0.000010 0.000010 0.004805 0.000010 0.000010 0.449089 0.139842 0.364443 0.000010
0.000010 0.000010 0.000010 0.999906 0.000014 0.000010 0.000010 0.000010 0.000010 0.000010
0.092899 0.000010 0.000010 0.127621 0.000010 0.023025 0.000010 0.404843 0.319834 0.031738
0.238622 0.000010 0.169066 0.005289 0.000010 0.000010 0.586963 0.000010 0.000010 0.000010
0.000010 0.575215 0.017144 0.030036 0.000010 0.000010 0.232827 0.000010 0.144728 0.000010
0.000010 0.000010 0.999910 0.000010 0.000010 0.000010 0.000010 0.000010 0.000010 0.000010
0.000010 0.193331 0.094041 0.040581 0.142205 0.105571 0.314733 0.052322 0.038924 0.018281
0.000010 0.376869 0.064807 0.000010 0.178788 0.089763 0.127368 0.000010 0.162365 0.000010
0.000010 0.000010 0.000010 0.031442 0.280697 0.039307 0.172278 0.000010 0.234233 0.242004
0.014355 0.138657 0.000010 0.010012 0.097505 0.153450 0.220668 0.214678 0.000010 0.150656
0.107995 0.546328 0.212754 0.007838 0.000010 0.000010 0.042621 0.000010 0.082423 0.000010
0.000010 0.000010 0.000010 0.999910 0.000010 0.000010 0.000010 0.000010 0.000010 0.000010
0.045641 0.602617 0.000010 0.000010 0.186036 0.152267 0.000010 0.000010 0.013388 0.000010
0.000010 0.000010 0.000010 0.999910 0.000010 0.000010 0.000010 0.000010 0.000010 0.000010
0.062895 0.000010 0.051069 0.000010 0.214436 0.081829 0.149089 0.000010 0.048609 0.392043
0.049864 0.000010 0.356902 0.000010 0.158600 0.000010 0.000010 0.000010 0.000010 0.434574
0.101768 0.060436 0.054114 0.013639 0.398533 0.000010 0.291102 0.000010 0.018701 0.061687
0.120158 0.072292 0.095738 0.120686 0.000010 0.118753 0.108418 0.051679 0.312255 0.000010
0.000010 0.000010 0.251487 0.129404 0.000010 0.000010 0.000010 0.000010 0.051711 0.567338
0.000010 0.000010 0.000010 0.000010 0.000010 0.354867 0.000010 0.645053 0.000010 0.000010
0.033840 0.013153 0.000010 0.000010 0.000010 0.095538 0.000010 0.329568 0.321141 0.206720
0.000010 0.032527 0.000010 0.000010 0.000010 0.423566 0.118222 0.220515 0.070813 0.134317
0.000010 0.000010 0.000010 0.000010 0.046307 0.581711 0.000010 0.196615 0.130024 0.045293
0.012577 0.000010 0.087144 0.019858 0.000010 0.334206 0.014375 0.215244 0.185047 0.131531
0.010386 0.084059 0.015703 0.004532 0.000010 0.428783 0.064441 0.244911 0.147166 0.000010
0.008711 0.000010 0.000010 0.082744 0.000010 0.134514 0.000010 0.262708 0.270822 0.240460
0.020077 0.096694 0.000010 0.006093 0.246938 0.000010 0.433339 0.000010 0.099305 0.097524
0.000010 0.062445 0.000010 0.003510 0.270164 0.037007 0.223506 0.011823 0.240858 0.150667
0.000010 0.000010 0.000010 0.000010 0.999910 0.000010 0.000010 0.000010 0.000010 0.000010
0.000010 0.000010 0.000010 0.000010 0.000010 0.240627 0.000010 0.629653 0.000010 0.129650
0.000010 0.000010 0.000010 0.071252 0.000010 0.148572 0.000010 0.075089 0.499365 0.205672
0.000163 0.000010 0.000010 0.046649 0.000010 0.000010 0.000010 0.000010 0.557026 0.396102
0.000010 0.000010 0.000010 0.040639 0.000010 0.191424 0.000010 0.239924 0.334145 0.193818
0.000010 0.187381 0.037892 0.027231 0.000010 0.441756 0.000010 0.074958 0.034326 0.196425
0.042014 0.001567 0.000010 0.141645 0.000010 0.033495 0.000010 0.170538 0.473639 0.137073
0.000010 0.179323 0.024151 0.009061 0.000010 0.311787 0.000010 0.102606 0.000010 0.373032
0.041137 0.000010 0.000010 0.034515 0.040420 0.383682 0.045781 0.183574 0.078214 0.192658
0.000010 0.000010 0.000010 0.000010 0.000010 0.000010 0.953676 0.000010 0.000010 0.046244
0.000010 0.090952 0.000010 0.000010 0.134934 0.000010 0.000010 0.315211 0.377999 0.080854
0.000010 0.000010 0.000010 0.023660 0.000010 0.000010 0.000010 0.000010 0.616903 0.359367
0.035619 0.428730 0.077025 0.081094 0.000010 0.000010 0.087125 0.000010 0.290367 0.000010
0.000010 0.000010 0.000010 0.072011 0.000010 0.000010 0.000010 0.000010 0.732257 0.195662
0.000010 0.000010 0.000010 0.000010 0.000010 0.000010 0.000010 0.999910 0.000010 0.000010
0.000010 0.000010 0.000010 0.000010 0.000010 0.000010 0.000010 0.999910 0.000010 0.000010
0.013049 0.010009 0.000010 0.045549 0.001432 0.004595 0.062482 0.077973 0.605748 0.179153
0.000010 0.000010 0.000010 0.000010 0.000010 0.000010 0.086648 0.000010 0.441382 0.471901
0.000010 0.019182 0.000010 0.008977 0.084735 0.036878 0.000010 0.056353 0.542169 0.251676
0.000010 0.000010 0.000010 0.018257 0.000010 0.022056 0.000010 0.327654 0.351416 0.280566
0.011957 0.000010 0.000010 0.005185 0.000010 0.055502 0.000010 0.373796 0.374292 0.179228
0.000010 0.009316 0.284944 0.076232 0.000010 0.122786 0.000010 0.340434 0.061800 0.104459
0.017606 0.000010 0.043925 0.000010 0.000010 0.000010 0.390771 0.000010 0.038366 0.509282
0.000010 0.029427 0.000010 0.026153 0.000010 0.081427 0.280027 0.000010 0.582916 0.000010
0.000010 0.101859 0.000010 0.030849 0.308937 0.170224 0.000010 0.222434 0.000010 0.165656
0.000010 0.000010 0.000010 0.000010 0.000010 0.000010 0.000010 0.999910 0.000010 0.000010
0.000010 0.027704 0.000010 0.000010 0.000010 0.000010 0.000010 0.474352 0.208881 0.289003
0.013295 0.000010 0.000010 0.000010 0.000010 0.319483 0.000010 0.322830 0.344332 0.000010
0.000010 0.000010 0.000010 0.000010 0.000010 0.374400 0.000010 0.625520 0.000010 0.000010
0.000010 0.255540 0.000010 0.000010 0.003001 0.095409 0.008236 0.582279 0.055495 0.000010
0.000010 0.335467 0.000010 0.000010 0.022153 0.472715 0.000010 0.049472 0.006958 0.113194
0.000010 0.000010 0.113445 0.000010 0.000010 0.129533 0.000010 0.740332 0.000010 0.016629
0.049719 0.000307 0.076413 0.081027 0.169959 0.291269 0.070626 0.190570 0.070100 0.000010
0.076699 0.192380 0.086044 0.000010 0.161877 0.098702 0.291661 0.000010 0.058932 0.033684
0.000010 0.000010 0.000010 0.034664 0.633137 0.137428 0.084252 0.000010 0.000010 0.110469
0.000010 0.102239 0.155151 0.046279 0.404311 0.007296 0.088766 0.002899 0.080787 0.112263
0.000010 0.000010 0.000010 0.000604 0.037040 0.287990 0.000010 0.178347 0.316049 0.179931
0.000010 0.000010 0.000010 0.021823 0.086419 0.447855 0.000010 0.192980 0.117529 0.133355
0.000010 0.000010 0.061076 0.068134 0.016991 0.000010 0.060686 0.328974 0.352821 0.111287
0.000010 0.291952 0.000010 0.008959 0.000010 0.672547 0.026482 0.000010 0.000010 0.000010
0.000010 0.000010 0.000010 0.007847 0.085882 0.551622 0.000010 0.155867 0.080579 0.118163
0.020333 0.000010 0.000010 0.000632 0.151669 0.549101 0.007128 0.206361 0.064746 0.000010
0.042268 0.596138 0.000010 0.024794 0.000010 0.192452 0.118157 0.000010 0.000010 0.026151
0.000010 0.000010 0.000010 0.000010 0.084283 0.310810 0.004579 0.199407 0.400871 0.000010
0.000010 0.823755 0.000010 0.000010 0.121951 0.000010 0.031687 0.000010 0.022547 0.000010
0.000010 0.193147 0.000010 0.000010 0.682042 0.000010 0.087377 0.000010 0.037375 0.000010
0.025477 0.119333 0.000010 0.000010 0.000010 0.604915 0.143342 0.092628 0.014265 0.000010
0.031104 0.078754 0.000010 0.038014 0.382267 0.164886 0.242184 0.000010 0.009480 0.053290
0.000010 0.000010 0.000010 0.117911 0.122337 0.335811 0.000010 0.160446 0.183235 0.080220
0.004070 0.159754 0.000010 0.051445 0.167531 0.102076 0.000010 0.485209 0.029885 0.000010
0.033633 0.000010 0.000010 0.019127 0.000010 0.160968 0.161663 0.002116 0.622452 0.000010
0.000010 0.000010 0.000010 0.050143 0.000010 0.390032 0.060690 0.369182 0.049373 0.080539
0.000010 0.588222 0.000010 0.061164 0.000010 0.073037 0.000010 0.277517 0.000010 0.000010
0.000010 0.000010 0.000010 0.178142 0.000010 0.000010 0.000010 0.183462 0.373926 0.264410
0.008829 0.000010 0.000010 0.000010 0.242753 0.273078 0.005885 0.031444 0.208831 0.229150
0.000010 0.000010 0.000010 0.000010 0.329451 0.222833 0.000010 0.011949 0.435708 0.000010
0.000010 0.425876 0.000010 0.002016 0.000010 0.055585 0.000010 0.516462 0.000010 0.000010
0.000010 0.000010 0.065638 0.031424 0.336597 0.074475 0.166194 0.063397 0.227492 0.034763
0.043754 0.147511 0.000010 0.040424 0.000010 0.149295 0.321431 0.000010 0.297545 0.000010
0.000010 0.000010 0.000010 0.099705 0.061102 0.000010 0.000010 0.177160 0.399518 0.262466
0.000010 0.081068 0.000010 0.010049 0.000010 0.131318 0.152721 0.357503 0.211269 0.056043
0.000010 0.000010 0.000010 0.000010 0.000010 0.395061 0.000010 0.254444 0.350425 0.000010
0.054769 0.000010 0.366740 0.000010 0.151092 0.000010 0.000010 0.000010 0.000010 0.427340
0.000010 0.000010 0.000010 0.000010 0.097153 0.178347 0.167578 0.185040 0.371832 0.000010
0.000010 0.000010 0.085525 0.016161 0.000010 0.053660 0.000010 0.346159 0.236212 0.262244
0.070468 0.000010 0.000010 0.000010 0.000010 0.691324 0.000010 0.126803 0.111345 0.000010
0.056662 0.284108 0.000010 0.000010 0.111865 0.456231 0.033853 0.020326 0.036926 0.000010
0.000010 0.263331 0.000010 0.000010 0.000010 0.319655 0.000010 0.194841 0.000010 0.222113
0.018696 0.610935 0.104347 0.113933 0.152039 0.000010 0.000010 0.000010 0.000010 0.000010
0.042430 0.000010 0.161243 0.032249 0.435870 0.077646 0.000117 0.057957 0.040888 0.151590
0.024248 0.000010 0.000010 0.014827 0.148513 0.277777 0.000010 0.198913 0.294948 0.040744
0.013991 0.000010 0.000010 0.000010 0.000010 0.362944 0.000010 0.479599 0.000010 0.143406
0.000010 0.029705 0.011261 0.017392 0.159420 0.520972 0.000010 0.261209 0.000010 0.000010
0.000010 0.368037 0.000010 0.000010 0.000010 0.513526 0.076939 0.000010 0.000010 0.041437
0.000010 0.000010 0.000010 0.007045 0.000010 0.418079 0.000010 0.574807 0.000010 0.000010
0.000010 0.000010 0.000010 0.000010 0.240626 0.111612 0.138704 0.098224 0.410784 0.000010
0.021537 0.000010 0.000010 0.015960 0.000010 0.000010 0.000010 0.800538 0.084991 0.076925
0.000010 0.000010 0.000010 0.014190 0.000010 0.000010 0.985730 0.000010 0.000010 0.000010
0.000010 0.000010 0.295207 0.024238 0.347307 0.000010 0.116813 0.000010 0.000010 0.216385
0.025590 0.000010 0.581708 0.021426 0.187423 0.000010 0.000010 0.016101 0.000010 0.167711
