0.000010 0.999980 0.000010
0.128317 0.398777 0.472906
0.000010 0.458031 0.541959
0.011047 0.923412 0.065541
0.000010 0.613348 0.386642
0.157203 0.360811 0.481986
0.017411 0.389902 0.592686
0.000010 0.755915 0.244075
0.000010 0.472113 0.527877
0.367862 0.100311 0.531827
0.211588 0.788402 0.000010
0.213636 0.322184 0.464180
0.000010 0.742359 0.257631
0.000010 0.798773 0.201217
0.065494 0.319866 0.614640
0.082953 0.363794 0.553254
0.000010 0.999980 0.000010
0.000010 0.851529 0.148461
0.207842 0.324553 0.467605
0.428821 0.071697 0.499481
0.000010 0.570776 0.429214
0.316520 0.209201 0.474279
0.469387 0.190352 0.340262
0.164918 0.835072 0.000010
0.000010 0.999980 0.000010
0.333920 0.230547 0.435533
0.000010 0.375424 0.624566
0.000010 0.484047 0.515943
0.000010 0.558708 0.441282
0.533686 0.144593 0.321721
0.058646 0.514460 0.426893
0.000010 0.867820 0.132170
0.249092 0.283963 0.466946
0.209931 0.203150 0.586919
0.000010 0.372268 0.627722
0.011874 0.337407 0.650720
0.642895 0.243377 0.113728
0.542429 0.011803 0.445768
0.299211 0.491894 0.208895
0.000010 0.570124 0.429866
0.169905 0.222324 0.607771
0.000010 0.915904 0.084086
0.404757 0.092247 0.502996
0.261166 0.517950 0.220884
0.000010 0.999980 0.000010
0.000010 0.615258 0.384732
0.610000 0.146247 0.243753
0.000010 0.084075 0.915915
0.000010 0.869172 0.130818
0.000010 0.999980 0.000010
0.124243 0.483533 0.392224
0.071185 0.258144 0.670671
0.362107 0.059644 0.578249
0.732094 0.156862 0.111044
0.158622 0.251330 0.590048
0.115312 0.661757 0.222930
0.585678 0.091945 0.322378
0.196465 0.451369 0.352167
0.121202 0.258019 0.620779
0.300242 0.190700 0.509058
0.000010 0.837572 0.162418
0.070194 0.000010 0.929796
0.388728 0.317707 0.293565
0.127661 0.290561 0.581779
0.344706 0.387346 0.267949
0.353850 0.138088 0.508062
0.175749 0.533192 0.291059
0.550910 0.341457 0.107634
0.000010 0.878270 0.121720
0.003264 0.624803 0.371933
0.358098 0.082509 0.559393
0.684561 0.219572 0.095867
0.451035 0.278880 0.270084
0.249534 0.191285 0.559181
0.473657 0.094191 0.432153
0.709593 0.184486 0.105920
0.779300 0.220690 0.000010
0.825420 0.060554 0.114027
0.884215 0.059986 0.055799
0.805622 0.027179 0.167199
0.799260 0.065652 0.135088
0.977454 0.000010 0.022536
0.863870 0.136120 0.000010
0.600459 0.222463 0.177079
0.721425 0.222889 0.055686
0.999980 0.000010 0.000010
0.385526 0.140620 0.473854
0.556068 0.434211 0.009720
0.756324 0.059008 0.184667
0.303368 0.275785 0.420847
0.706335 0.113185 0.180480
0.836273 0.000010 0.163717
0.973213 0.000010 0.026777
0.534292 0.074433 0.391275
0.758210 0.241780 0.000010
0.968770 0.014264 0.016966
0.878370 0.042206 0.079423
0.465727 0.271659 0.262615
0.874316 0.042607 0.083077
0.374899 0.066429 0.558673
0.629013 0.005791 0.365196
0.671512 0.153276 0.175212
0.434977 0.144037 0.420986
0.599187 0.159230 0.241582
0.657672 0.207280 0.135048
0.656994 0.078549 0.264457
0.561886 0.142426 0.295688
0.449415 0.131373 0.419212
0.766956 0.188159 0.044885
0.783469 0.011651 0.204880
0.722903 0.028346 0.248751
0.762058 0.025424 0.212518
0.612065 0.000010 0.387925
0.409149 0.216819 0.374032
0.999980 0.000010 0.000010
0.580381 0.053014 0.366605
0.888329 0.046612 0.065059
0.054059 0.000010 0.945931
0.999980 0.000010 0.000010
0.256129 0.211637 0.532234
0.812827 0.187163 0.000010
0.851253 0.104677 0.044070
0.554370 0.143557 0.302073
0.728322 0.152199 0.119479
0.608623 0.349387 0.041990
0.731228 0.061054 0.207718
0.435285 0.014986 0.549729
0.803689 0.137723 0.058588
0.476475 0.269188 0.254336
0.512117 0.161406 0.326477
0.768087 0.081999 0.149914
0.790189 0.000010 0.209801
0.824287 0.118417 0.057296
0.999980 0.000010 0.000010
0.596226 0.070501 0.333273
0.546418 0.226156 0.227426
0.825547 0.000010 0.174443
0.707172 0.182731 0.110096
0.462168 0.343851 0.193981
0.651151 0.165160 0.183689
0.308151 0.054899 0.636949
0.782406 0.046006 0.171588
0.638471 0.264245 0.097284
0.622379 0.189277 0.188344
0.671386 0.170749 0.157865
0.349864 0.196144 0.453992
0.595891 0.172647 0.231461
0.969743 0.030247 0.000010
0.778250 0.221740 0.000010
0.118294 0.201885 0.679821
0.624669 0.301059 0.074273
0.766456 0.000010 0.233534
0.994338 0.000010 0.005652
0.764240 0.000010 0.235750
0.847293 0.000010 0.152697
0.348540 0.061659 0.589801
0.558770 0.430266 0.010964
0.787118 0.000010 0.212872
0.000010 0.959603 0.040387
0.707979 0.049168 0.242853
0.643546 0.077916 0.278537
0.968074 0.000010 0.031916
0.434611 0.061880 0.503510
0.635985 0.338435 0.025579
0.905874 0.000010 0.094116
0.480661 0.076818 0.442522
0.894571 0.000010 0.105419
0.663312 0.231697 0.104992
0.403523 0.596467 0.000010
0.766114 0.233876 0.000010
0.463771 0.251364 0.284865
0.639686 0.259195 0.101118
0.000010 0.000010 0.999980
0.380488 0.015883 0.603629
0.274864 0.000010 0.725126
0.135265 0.000010 0.864725
0.215496 0.131374 0.653130
0.120309 0.156837 0.722854
0.390789 0.001957 0.607254
0.999980 0.000010 0.000010
0.849281 0.005428 0.145290
0.858137 0.141853 0.000010
0.000010 0.000010 0.999980
0.612180 0.000010 0.387810
0.861014 0.010450 0.128537
0.378773 0.035386 0.585840
0.112080 0.181669 0.706251
0.610625 0.029300 0.360075
0.282199 0.142150 0.575650
0.288104 0.103139 0.608757
0.999980 0.000010 0.000010
0.657245 0.000010 0.342745
0.895032 0.000010 0.104958
0.717192 0.152920 0.129888
0.881360 0.000010 0.118630
0.000010 0.000010 0.999980
0.000010 0.000010 0.999980
0.842973 0.023942 0.133085
0.836874 0.108496 0.054630
0.798844 0.000010 0.201146
0.479173 0.008687 0.512140
0.406470 0.011268 0.582262
0.211855 0.174653 0.613492
0.790010 0.209980 0.000010
0.836653 0.000010 0.163337
0.378764 0.104008 0.517228
0.000010 0.000010 0.999980
0.450108 0.000010 0.549882
0.124064 0.152974 0.722962
0.000010 0.000010 0.999980
0.112639 0.035003 0.852358
0.169513 0.144283 0.686203
0.000010 0.063907 0.936083
0.367427 0.143322 0.489251
0.614530 0.215984 0.169486
0.717899 0.168713 0.113388
0.740275 0.153688 0.106037
0.463895 0.006515 0.529590
0.260173 0.000010 0.739817
0.620594 0.000010 0.379396
0.010221 0.241213 0.748567
0.218999 0.000010 0.780991
0.110917 0.141410 0.747673
0.405541 0.130385 0.464074
0.419630 0.000010 0.580360
0.821405 0.037652 0.140943
0.931908 0.068082 0.000010
0.077448 0.168757 0.753794
0.736420 0.074049 0.189531
0.407205 0.006436 0.586359
0.285904 0.000010 0.714086
0.701498 0.097986 0.200516
0.153463 0.000010 0.846527
0.337679 0.012414 0.649907
0.652379 0.000010 0.347611
0.471479 0.205358 0.323164
0.736588 0.000010 0.263402
0.131264 0.000010 0.868726
0.828634 0.002469 0.168897
0.732260 0.067347 0.200394
0.657561 0.000010 0.342429
0.410475 0.000010 0.589515
0.246841 0.000010 0.753149
0.392966 0.607024 0.000010
0.580833 0.000010 0.419157
0.389938 0.037943 0.572120
0.002008 0.123995 0.873997
0.136671 0.247512 0.615817
0.163662 0.062772 0.773567
0.671552 0.210540 0.117907
0.549936 0.294701 0.155363
0.396838 0.104804 0.498358
0.000010 0.000010 0.999980
0.000010 0.248890 0.751100
0.116790 0.260877 0.622333
0.000010 0.000010 0.999980
0.736508 0.000010 0.263482
0.030390 0.000010 0.969600
0.955039 0.000010 0.044951
0.584976 0.413650 0.001375
0.271519 0.605920 0.122561
