0.000010 0.999960 0.000010 0.000010 0.000010
0.296745 0.327847 0.360327 0.015071 0.000010
0.097926 0.421261 0.480793 0.000010 0.000010
0.176187 0.796065 0.027728 0.000010 0.000010
0.000010 0.589938 0.409850 0.000192 0.000010
0.262950 0.284232 0.418579 0.000010 0.034228
0.000010 0.381768 0.539677 0.050881 0.027664
0.000010 0.724919 0.275051 0.000010 0.000010
0.000010 0.447096 0.473083 0.000010 0.079802
0.348905 0.072418 0.400466 0.090117 0.088095
0.304788 0.695182 0.000010 0.000010 0.000010
0.378398 0.241503 0.337622 0.042467 0.000010
0.175583 0.642611 0.181786 0.000010 0.000010
0.032769 0.748819 0.218392 0.000010 0.000010
0.441300 0.180016 0.378664 0.000010 0.000010
0.099699 0.322163 0.500611 0.000010 0.077518
0.000010 0.999960 0.000010 0.000010 0.000010
0.000011 0.781542 0.122035 0.000010 0.096401
0.413067 0.216991 0.342188 0.027744 0.000010
0.170050 0.065788 0.418481 0.187844 0.157837
0.031060 0.535831 0.419664 0.013436 0.000010
0.521471 0.149999 0.315386 0.013134 0.000010
0.409539 0.125155 0.256499 0.007486 0.201320
0.186594 0.742489 0.000010 0.020308 0.050600
0.000010 0.990159 0.000010 0.009811 0.000010
0.518233 0.141249 0.306693 0.033815 0.000010
0.000010 0.383262 0.586827 0.029892 0.000010
0.000010 0.479160 0.503083 0.017737 0.000010
0.000010 0.550754 0.426012 0.005819 0.017405
0.389848 0.089739 0.228157 0.048728 0.243527
0.110652 0.476679 0.398343 0.000010 0.014317
0.000010 0.841659 0.123953 0.034368 0.000010
0.537320 0.156558 0.306102 0.000010 0.000010
0.468426 0.112709 0.403459 0.015396 0.000010
0.000010 0.380842 0.592970 0.026168 0.000010
0.067537 0.310972 0.561572 0.022869 0.037049
0.399961 0.190886 0.033581 0.106298 0.269274
0.123743 0.000010 0.395955 0.058725 0.421567
0.138534 0.462123 0.171435 0.052825 0.175083
0.112958 0.505176 0.374979 0.006877 0.000010
0.428245 0.120366 0.436209 0.015170 0.000010
0.000010 0.860514 0.129271 0.010194 0.000010
0.493764 0.006926 0.396521 0.017192 0.085597
0.275319 0.493644 0.161563 0.047997 0.021478
0.000010 0.999960 0.000010 0.000010 0.000010
0.000010 0.598750 0.386371 0.000010 0.014858
0.323286 0.135690 0.200164 0.123864 0.216995
0.000010 0.112967 0.884873 0.000010 0.002140
0.024730 0.806884 0.140614 0.027762 0.000010
0.000010 0.999960 0.000010 0.000010 0.000010
0.184308 0.438029 0.351653 0.002863 0.023147
0.051789 0.253944 0.598291 0.068671 0.027305
0.506541 0.000010 0.460706 0.011032 0.021710
0.677097 0.052504 0.048336 0.019598 0.202466
0.006159 0.236200 0.549961 0.024448 0.183232
0.197072 0.585115 0.180660 0.037142 0.000010
0.311152 0.048088 0.271836 0.039432 0.329492
0.052786 0.418369 0.339743 0.008580 0.180522
0.090369 0.232538 0.555454 0.032436 0.089202
0.604253 0.076867 0.318861 0.000010 0.000010
0.000010 0.798972 0.198356 0.002652 0.000010
0.001667 0.000010 0.852254 0.063081 0.082988
0.383765 0.301981 0.203650 0.088488 0.022116
0.000010 0.266918 0.509112 0.039139 0.184821
0.240730 0.314295 0.231667 0.000010 0.213298
0.602298 0.040553 0.328209 0.028930 0.000010
0.142100 0.501530 0.242803 0.028598 0.084969
0.321164 0.284676 0.058150 0.063599 0.272411
0.000010 0.815041 0.176079 0.008860 0.000010
0.116913 0.570540 0.312527 0.000010 0.000010
0.345408 0.051146 0.485895 0.017929 0.099622
0.582878 0.130207 0.000010 0.002057 0.284848
0.064506 0.268928 0.264330 0.033739 0.368496
0.235160 0.162886 0.471834 0.034365 0.095755
0.541184 0.000010 0.335785 0.037409 0.085612
0.590451 0.147405 0.046467 0.025791 0.189886
0.340117 0.168979 0.000010 0.020761 0.470132
0.554241 0.009083 0.056446 0.106439 0.273791
0.751188 0.000010 0.000010 0.084703 0.164089
0.553739 0.000010 0.093689 0.057554 0.295009
0.868922 0.000010 0.004711 0.055779 0.070579
0.000010 0.000010 0.057421 0.043273 0.899286
0.237657 0.120738 0.000010 0.033865 0.607729
0.477687 0.117761 0.106787 0.036313 0.261452
0.572583 0.157650 0.017170 0.039116 0.213481
0.595583 0.000010 0.000010 0.061173 0.343224
0.166679 0.093016 0.437520 0.000010 0.302775
0.476711 0.351099 0.000010 0.018039 0.154141
0.750078 0.000010 0.101989 0.000059 0.147864
0.577228 0.148961 0.235577 0.038224 0.000010
0.436039 0.087333 0.118246 0.101516 0.256866
0.383727 0.000010 0.104644 0.048714 0.462904
0.564984 0.000010 0.000010 0.054482 0.380513
0.528607 0.019922 0.268393 0.041135 0.141943
0.255321 0.194082 0.000010 0.017417 0.533169
0.551858 0.000010 0.000010 0.048450 0.399672
0.633729 0.000010 0.000010 0.000010 0.366241
0.357645 0.197543 0.189394 0.094586 0.160832
0.536069 0.019819 0.059265 0.054173 0.330675
0.518094 0.000010 0.388355 0.009645 0.083895
0.599234 0.000010 0.236323 0.033158 0.131275
0.381111 0.102569 0.114948 0.051879 0.349493
0.458475 0.096289 0.341305 0.045305 0.058627
0.298042 0.139380 0.185680 0.108442 0.268455
0.480869 0.136641 0.069719 0.010903 0.301868
0.443994 0.018029 0.184000 0.130716 0.223260
0.579907 0.082097 0.197429 0.052341 0.088226
0.485288 0.072539 0.315921 0.034787 0.091464
0.700247 0.020549 0.000010 0.000010 0.279185
0.161859 0.000010 0.178343 0.042930 0.616858
0.737128 0.000010 0.126972 0.073419 0.062471
0.291829 0.015548 0.166469 0.062199 0.463955
0.000010 0.000010 0.341785 0.047148 0.611047
0.430698 0.154441 0.310497 0.053144 0.051220
0.617053 0.000010 0.000010 0.029913 0.353014
0.393760 0.017600 0.281876 0.034369 0.272395
0.509357 0.006506 0.000010 0.000010 0.484117
0.067704 0.000010 0.851473 0.000010 0.080803
0.541676 0.000010 0.000010 0.000333 0.457971
0.588416 0.121630 0.289934 0.000010 0.000010
0.474691 0.069547 0.000010 0.000010 0.455743
0.376276 0.055491 0.000010 0.050932 0.517290
0.653579 0.074729 0.172280 0.017078 0.082334
0.480487 0.105472 0.056107 0.111764 0.246170
0.524013 0.255528 0.000010 0.081195 0.139254
0.415565 0.023265 0.141887 0.083842 0.335441
0.306492 0.000010 0.477470 0.072794 0.143234
0.633908 0.141320 0.000010 0.078268 0.146493
0.476697 0.199879 0.160405 0.034259 0.128760
0.334111 0.103918 0.267435 0.003071 0.291465
0.357477 0.059328 0.071406 0.145368 0.366421
0.231111 0.000010 0.130206 0.088238 0.550435
0.531411 0.022222 0.026281 0.000010 0.420076
0.401365 0.000010 0.000010 0.067749 0.530866
0.759289 0.000010 0.232288 0.000864 0.007550
0.000010 0.176959 0.183190 0.015130 0.624711
0.633666 0.000010 0.075124 0.060401 0.230799
0.693006 0.113966 0.000010 0.046765 0.146252
0.329792 0.263749 0.167197 0.048333 0.190928
0.604127 0.078906 0.111343 0.093927 0.111698
0.220702 0.014782 0.579133 0.000010 0.185373
0.000010 0.000010 0.132441 0.003847 0.863692
0.752878 0.157693 0.000010 0.014696 0.074724
0.431012 0.133123 0.109273 0.054854 0.271738
0.367529 0.113300 0.096035 0.060903 0.362232
0.328335 0.137781 0.350617 0.031919 0.151348
0.249103 0.143973 0.179328 0.043477 0.384119
0.481034 0.000010 0.000010 0.018542 0.500404
0.695813 0.031460 0.000010 0.000010 0.272707
0.014749 0.209232 0.615925 0.015416 0.144678
0.449482 0.244609 0.021743 0.023887 0.260279
0.219482 0.000010 0.183806 0.044335 0.552367
0.825938 0.000010 0.000010 0.038774 0.135268
0.213615 0.000010 0.186088 0.045155 0.555132
0.000010 0.000010 0.000010 0.999960 0.000010
0.000010 0.022074 0.470692 0.138271 0.368954
0.267793 0.389829 0.000010 0.057150 0.285217
0.642113 0.000010 0.074377 0.060589 0.222911
0.000010 0.920717 0.079253 0.000010 0.000010
0.582464 0.000010 0.140884 0.062736 0.213907
0.444561 0.036052 0.214117 0.000010 0.305260
0.388227 0.000010 0.012975 0.063815 0.534973
0.458077 0.000010 0.425440 0.020674 0.095798
0.609984 0.257108 0.000010 0.034569 0.098329
0.000010 0.000010 0.000010 0.999960 0.000010
0.572447 0.000010 0.297094 0.008957 0.121491
0.000010 0.000010 0.000011 0.999959 0.000010
0.455129 0.149594 0.049675 0.021799 0.323803
0.501748 0.461377 0.000010 0.036855 0.000010
0.564604 0.134190 0.000010 0.024603 0.276593
0.000010 0.256886 0.205146 0.143850 0.394109
0.349557 0.233409 0.072155 0.144423 0.200456
0.000010 0.000010 0.999960 0.000010 0.000010
0.000010 0.000010 0.549010 0.026993 0.423977
0.169380 0.000010 0.614564 0.000010 0.216037
0.000010 0.000010 0.779894 0.000010 0.220076
0.000010 0.116108 0.557176 0.026934 0.299772
0.020605 0.148669 0.660354 0.010194 0.160178
0.000010 0.006174 0.501837 0.101634 0.390346
0.558164 0.000010 0.000010 0.036003 0.405813
0.421747 0.000010 0.071674 0.024408 0.482161
0.525529 0.048893 0.000010 0.025096 0.400472
0.000010 0.000010 0.999960 0.000010 0.000010
0.000010 0.000010 0.298747 0.091182 0.610050
0.030398 0.000010 0.064615 0.095598 0.809380
0.000010 0.000010 0.500516 0.054364 0.445099
0.086212 0.166600 0.619936 0.043275 0.083978
0.000010 0.003280 0.270805 0.172124 0.553781
0.340669 0.111362 0.484458 0.036803 0.026707
0.110469 0.086815 0.550273 0.050203 0.202239
0.645005 0.000010 0.000010 0.051356 0.303619
0.145526 0.000010 0.333971 0.026166 0.494327
0.022031 0.000010 0.038576 0.072741 0.866642
0.380529 0.130356 0.075688 0.112183 0.301243
0.000010 0.000010 0.000010 0.107849 0.892121
0.000010 0.000010 0.999960 0.000010 0.000010
0.000010 0.000010 0.999960 0.000010 0.000010
0.000010 0.000010 0.137865 0.085905 0.776210
0.056798 0.089439 0.000010 0.021177 0.832575
0.000010 0.000010 0.191735 0.040080 0.768165
0.000010 0.000010 0.475800 0.045058 0.479122
0.000010 0.000010 0.522140 0.037481 0.440359
0.075152 0.165814 0.565389 0.083412 0.110233
0.376336 0.168576 0.000010 0.011435 0.443643
0.049665 0.000010 0.154331 0.055878 0.740116
0.545637 0.000010 0.406715 0.047628 0.000010
0.000010 0.000010 0.999960 0.000010 0.000010
0.131776 0.000010 0.519723 0.000010 0.348480
0.000010 0.039385 0.583793 0.000010 0.376802
0.000010 0.000010 0.999960 0.000010 0.000010
0.170708 0.000010 0.725665 0.000010 0.103607
0.275020 0.093907 0.568547 0.000010 0.062516
0.000010 0.045520 0.900063 0.000010 0.054397
0.133378 0.129438 0.445608 0.085683 0.205894
0.467305 0.149803 0.099653 0.000010 0.283229
0.596290 0.059911 0.073804 0.040776 0.229218
0.461711 0.098025 0.058146 0.061030 0.321088
0.000010 0.000010 0.494445 0.023963 0.481572
0.000010 0.000010 0.720185 0.035250 0.244545
0.015641 0.000010 0.376386 0.096654 0.511309
0.186123 0.186779 0.605223 0.021865 0.000010
0.000010 0.000010 0.755667 0.019639 0.224674
0.110920 0.107308 0.681288 0.000010 0.100474
0.504016 0.053848 0.364789 0.036523 0.040823
0.000010 0.000010 0.507469 0.000010 0.492501
0.902224 0.000010 0.000010 0.037041 0.060714
0.661060 0.000010 0.000010 0.013611 0.325310
0.124911 0.160984 0.668586 0.000010 0.045510
0.630303 0.000010 0.104126 0.054052 0.211508
0.000010 0.007779 0.528064 0.129340 0.334807
0.212953 0.000010 0.625356 0.052946 0.108734
0.000010 0.073611 0.146523 0.033301 0.746555
0.000010 0.000010 0.780177 0.062265 0.157538
0.388970 0.000010 0.544489 0.066521 0.000010
0.000010 0.000010 0.255502 0.209366 0.535112
0.242666 0.123082 0.263586 0.000010 0.370656
0.000010 0.000010 0.350079 0.000010 0.649891
0.217692 0.000010 0.762750 0.019538 0.000010
0.337744 0.000010 0.140468 0.051590 0.470188
0.249433 0.038709 0.142380 0.076866 0.492613
0.026892 0.000010 0.293481 0.128274 0.551343
0.141048 0.000010 0.539918 0.034674 0.284350
0.000010 0.000010 0.641975 0.000010 0.357995
0.488608 0.473614 0.000010 0.037757 0.000010
0.000010 0.000010 0.459895 0.000010 0.540075
0.012875 0.019983 0.556986 0.035638 0.374518
0.000010 0.075959 0.774917 0.000010 0.149103
0.292431 0.141695 0.506574 0.000010 0.059290
0.293034 0.000010 0.647582 0.000010 0.059365
0.768059 0.096333 0.000010 0.135588 0.000010
0.448270 0.200582 0.094889 0.038774 0.217485
0.000010 0.059510 0.478247 0.021294 0.440939
0.000010 0.030724 0.966266 0.002990 0.000010
0.147905 0.176031 0.657151 0.018902 0.000010
0.328629 0.183284 0.475659 0.012418 0.000010
0.000010 0.000010 0.987853 0.012117 0.000010
0.020670 0.000010 0.315070 0.000010 0.664240
0.000010 0.000010 0.869620 0.030804 0.099556
0.398628 0.000010 0.015846 0.078851 0.506666
0.574867 0.313359 0.000010 0.046696 0.065068
0.100076 0.572178 0.145006 0.024928 0.157812
