0.519103 0.000010 0.000010 0.000010 0.000010 0.000010 0.480837 0.000010
0.200111 0.464614 0.000010 0.186898 0.073853 0.000010 0.074493 0.000010
0.214058 0.151933 0.000010 0.355263 0.156240 0.000010 0.122476 0.000010
0.794957 0.057806 0.000010 0.000010 0.000010 0.000010 0.147187 0.000010
0.314812 0.000010 0.000010 0.476910 0.000245 0.000010 0.195169 0.012834
0.072297 0.057086 0.000010 0.459652 0.042945 0.000010 0.137718 0.230281
0.180702 0.000010 0.016279 0.697592 0.000010 0.066395 0.039001 0.000010
0.715989 0.000010 0.000010 0.156332 0.044431 0.000010 0.083208 0.000010
0.259631 0.037755 0.086689 0.464721 0.107247 0.000010 0.043937 0.000010
0.000010 0.398213 0.086052 0.380831 0.006888 0.092434 0.002166 0.033406
0.946486 0.000010 0.000010 0.000010 0.000010 0.000010 0.000010 0.053454
0.131341 0.424466 0.000010 0.318273 0.000439 0.030609 0.055184 0.039677
0.221420 0.216550 0.000010 0.205424 0.000010 0.000010 0.356565 0.000010
0.608554 0.040745 0.000010 0.062544 0.096841 0.000010 0.191285 0.000010
0.048238 0.549444 0.000010 0.244200 0.076736 0.000010 0.081352 0.000010
0.150645 0.026235 0.039961 0.427178 0.134788 0.000010 0.124644 0.096540
0.000010 0.000010 0.000010 0.000010 0.000010 0.000010 0.999930 0.000010
0.804499 0.000010 0.000010 0.000010 0.071933 0.000010 0.123518 0.000010
0.103291 0.523514 0.000010 0.261442 0.028347 0.025886 0.057500 0.000010
0.000010 0.116106 0.115837 0.460085 0.000010 0.193355 0.000010 0.114588
0.561086 0.000010 0.000010 0.432594 0.000010 0.006270 0.000010 0.000010
0.054627 0.443390 0.000010 0.331881 0.006722 0.000010 0.000010 0.163351
0.124425 0.397076 0.225758 0.240367 0.000010 0.000010 0.000010 0.012344
0.991734 0.000010 0.000010 0.000010 0.000010 0.000010 0.000010 0.008206
0.527850 0.000010 0.000010 0.000010 0.000010 0.000010 0.472090 0.000010
0.158571 0.433631 0.000010 0.208789 0.109421 0.019761 0.000010 0.069807
0.000010 0.000010 0.000010 0.885801 0.000010 0.005780 0.108370 0.000010
0.355235 0.000010 0.000010 0.641312 0.000010 0.003401 0.000012 0.000010
0.339059 0.112135 0.000010 0.449101 0.001915 0.000010 0.097760 0.000010
0.079568 0.448501 0.221963 0.180874 0.000010 0.037879 0.000010 0.031196
0.377736 0.000010 0.000010 0.493587 0.000010 0.000010 0.010505 0.118132
0.948721 0.000010 0.000010 0.000010 0.000010 0.036199 0.015030 0.000010
0.109523 0.345012 0.000010 0.378563 0.000010 0.000010 0.000010 0.166863
0.000010 0.736706 0.000010 0.263234 0.000010 0.000010 0.000010 0.000010
0.000010 0.000010 0.000010 0.893731 0.000010 0.001845 0.104374 0.000010
0.054182 0.258176 0.025162 0.535062 0.039312 0.016030 0.072066 0.000010
0.167711 0.229143 0.218037 0.012420 0.021071 0.091493 0.083037 0.177087
0.000010 0.254946 0.397236 0.087179 0.195596 0.052145 0.012878 0.000010
0.273757 0.057944 0.157349 0.234718 0.000010 0.044569 0.154404 0.077249
0.119707 0.169196 0.000010 0.473057 0.000010 0.001589 0.236420 0.000010
0.000010 0.607335 0.000010 0.309822 0.074813 0.007990 0.000010 0.000010
0.999930 0.000010 0.000010 0.000010 0.000010 0.000010 0.000010 0.000010
0.000010 0.350361 0.030150 0.309103 0.081665 0.008281 0.025983 0.194447
0.290400 0.223475 0.015676 0.225075 0.000010 0.037637 0.165422 0.042306
0.000010 0.000012 0.000010 0.000010 0.000010 0.000010 0.999928 0.000010
0.602864 0.000010 0.006412 0.390674 0.000010 0.000010 0.000010 0.000010
0.100845 0.000010 0.038010 0.173571 0.081091 0.110185 0.023776 0.472511
0.000010 0.000010 0.000010 0.932796 0.051742 0.015412 0.000010 0.000010
0.534676 0.029951 0.000010 0.119406 0.004938 0.021104 0.289905 0.000010
0.000010 0.000010 0.000010 0.000010 0.000010 0.000010 0.999930 0.000010
0.319171 0.111821 0.036153 0.367629 0.042182 0.000010 0.062226 0.060808
0.000010 0.000010 0.034617 0.648051 0.093309 0.064207 0.087760 0.072037
0.000010 0.263848 0.000010 0.471551 0.022595 0.000017 0.000010 0.241959
0.103716 0.399374 0.104550 0.000010 0.038313 0.000010 0.014015 0.340012
0.114859 0.000010 0.097082 0.655824 0.000010 0.030756 0.000010 0.101449
0.620482 0.197222 0.000010 0.040320 0.059922 0.033478 0.048556 0.000010
0.000010 0.066076 0.220240 0.170329 0.136483 0.030524 0.051143 0.325194
0.292663 0.135311 0.189664 0.344393 0.000010 0.000010 0.037938 0.000010
0.110958 0.136152 0.082936 0.582329 0.043321 0.027277 0.017018 0.000010
0.000010 0.657228 0.000010 0.342712 0.000010 0.000010 0.000010 0.000010
0.861707 0.000010 0.000010 0.060472 0.001140 0.000010 0.076641 0.000010
0.000010 0.007837 0.022716 0.420544 0.450772 0.067743 0.000010 0.030368
0.247282 0.351870 0.042627 0.256672 0.000010 0.073837 0.027693 0.000010
0.147347 0.000010 0.171821 0.587271 0.040169 0.047185 0.006187 0.000010
0.353396 0.093660 0.198418 0.274247 0.000010 0.000010 0.000010 0.080248
0.073847 0.524496 0.000010 0.237200 0.025104 0.018033 0.000010 0.121301
0.248083 0.139533 0.065232 0.208743 0.044047 0.023651 0.228914 0.041797
0.305271 0.151831 0.242242 0.000010 0.042983 0.055256 0.069188 0.133219
0.999926 0.000010 0.000010 0.000010 0.000010 0.000014 0.000010 0.000010
0.328604 0.136518 0.000010 0.393923 0.000010 0.000010 0.140915 0.000010
0.059084 0.059021 0.000010 0.481310 0.060101 0.003589 0.000010 0.336875
0.102553 0.497798 0.262661 0.000010 0.000010 0.000010 0.000010 0.136948
0.191874 0.129266 0.349413 0.299829 0.000010 0.029588 0.000010 0.000010
0.052439 0.322072 0.119114 0.472632 0.001738 0.028981 0.000010 0.003014
0.000010 0.477451 0.060616 0.213228 0.048526 0.030434 0.000010 0.169725
0.139354 0.176685 0.075597 0.057684 0.046754 0.008831 0.018415 0.476681
0.227081 0.215032 0.433467 0.000010 0.000010 0.010624 0.000010 0.113766
0.060583 0.000010 0.048957 0.113346 0.000010 0.081461 0.000010 0.695623
0.000010 0.212310 0.000010 0.023359 0.000010 0.067063 0.064155 0.633083
0.000010 0.145812 0.178536 0.138921 0.000010 0.044019 0.005860 0.486832
0.000010 0.547978 0.000010 0.000010 0.000010 0.031201 0.033198 0.387582
0.000010 0.037873 0.847164 0.000010 0.021587 0.041129 0.000010 0.052216
0.194944 0.102979 0.533536 0.000010 0.000010 0.017730 0.000010 0.150782
0.039578 0.217824 0.202717 0.135224 0.000010 0.025659 0.089617 0.289371
0.191912 0.000010 0.000010 0.012584 0.019773 0.008306 0.000010 0.767396
0.000010 0.035358 0.036011 0.000010 0.000010 0.047984 0.000010 0.880608
0.000010 0.000010 0.247513 0.323143 0.177478 0.000010 0.062885 0.188951
0.352991 0.132482 0.056700 0.002641 0.000010 0.008181 0.089364 0.357631
0.016735 0.394932 0.064524 0.005738 0.077105 0.000010 0.024071 0.416885
0.170960 0.616079 0.000010 0.169140 0.023918 0.019873 0.000010 0.000010
0.200875 0.164583 0.195567 0.027706 0.077840 0.089281 0.000010 0.244137
0.000010 0.159090 0.282784 0.034069 0.048889 0.039368 0.036036 0.399754
0.000010 0.000010 0.103538 0.007145 0.012833 0.033656 0.000010 0.842799
0.000010 0.406039 0.075645 0.300275 0.000010 0.033925 0.000010 0.184086
0.283755 0.118637 0.475945 0.000010 0.000010 0.003300 0.000010 0.118333
0.000010 0.000010 0.028031 0.054774 0.000010 0.017153 0.028660 0.871351
0.000010 0.264192 0.227820 0.000010 0.002155 0.000010 0.067099 0.438705
0.159816 0.206031 0.131388 0.094184 0.089574 0.084789 0.077690 0.156529
0.000010 0.013547 0.017584 0.000010 0.066215 0.021340 0.030232 0.851061
0.000012 0.519610 0.045926 0.353557 0.000010 0.000010 0.000010 0.080864
0.000010 0.575796 0.084772 0.000010 0.110421 0.019444 0.056146 0.153401
0.002680 0.159088 0.251797 0.018163 0.076464 0.041461 0.112047 0.338300
0.000010 0.082224 0.000010 0.290123 0.158564 0.033959 0.004939 0.430172
0.164346 0.192816 0.221449 0.068066 0.106971 0.098732 0.021537 0.126084
0.107891 0.251129 0.229438 0.094018 0.000010 0.000010 0.059743 0.257761
0.054087 0.229207 0.155942 0.000888 0.153163 0.123071 0.018825 0.264817
0.026647 0.353680 0.000010 0.025090 0.133042 0.037649 0.095709 0.328174
0.010657 0.331581 0.062108 0.303888 0.022226 0.024888 0.034951 0.209701
0.125881 0.169227 0.123703 0.000010 0.000010 0.000010 0.004896 0.576263
0.030541 0.000010 0.500588 0.102886 0.097009 0.037336 0.000010 0.231619
0.000010 0.504904 0.000010 0.000010 0.089380 0.053249 0.041637 0.310800
0.051491 0.000010 0.358700 0.161324 0.025943 0.057557 0.000010 0.344966
0.000010 0.000010 0.633385 0.135922 0.178563 0.052090 0.000010 0.000010
0.217154 0.141802 0.000010 0.290533 0.065627 0.044576 0.000010 0.240287
0.000010 0.039051 0.182571 0.000010 0.000010 0.016591 0.001081 0.760677
0.048779 0.295264 0.226161 0.092786 0.162355 0.028701 0.000010 0.145944
0.000010 0.204431 0.339169 0.000010 0.000010 0.000010 0.070223 0.386137
0.000010 0.285304 0.019248 0.000010 0.695398 0.000010 0.000010 0.000010
0.000010 0.000010 0.240021 0.000010 0.000010 0.000010 0.000010 0.759919
0.000010 0.617405 0.000010 0.325927 0.000010 0.000010 0.004767 0.051861
0.124554 0.000010 0.285565 0.000010 0.000010 0.000010 0.050763 0.539078
0.000010 0.046700 0.386853 0.035554 0.000010 0.039860 0.072237 0.418776
0.000010 0.272907 0.000010 0.277928 0.000010 0.000010 0.021757 0.427368
0.142660 0.196789 0.147137 0.089801 0.000010 0.094515 0.000010 0.329078
0.357358 0.212734 0.061672 0.000010 0.000010 0.064511 0.000010 0.303696
0.065148 0.380935 0.311447 0.072465 0.032145 0.080307 0.000010 0.057544
0.086249 0.239854 0.117588 0.037406 0.364260 0.068073 0.000010 0.086560
0.013056 0.152511 0.000010 0.041483 0.000010 0.048382 0.073415 0.671133
0.297676 0.441975 0.102775 0.000010 0.149544 0.008000 0.000010 0.000010
0.159906 0.000010 0.199716 0.013240 0.258392 0.000010 0.016580 0.352145
0.149128 0.111953 0.282285 0.000010 0.070853 0.131960 0.005279 0.248531
0.000010 0.000010 0.437115 0.068482 0.069971 0.078066 0.028504 0.317840
0.030659 0.075829 0.260509 0.113791 0.000010 0.000010 0.013275 0.505916
0.000010 0.024521 0.325004 0.000010 0.000010 0.053740 0.000010 0.596695
0.000010 0.231098 0.000010 0.275273 0.000010 0.000010 0.000010 0.493579
0.065136 0.025201 0.643101 0.072975 0.091578 0.010595 0.091403 0.000010
0.000010 0.114834 0.030441 0.000010 0.129626 0.038096 0.043983 0.643001
0.107471 0.507398 0.083362 0.000010 0.000010 0.023509 0.051652 0.226588
0.320680 0.000010 0.080906 0.025829 0.109390 0.040174 0.049619 0.373392
0.099501 0.000010 0.000010 0.213978 0.000010 0.075273 0.000181 0.611036
0.051247 0.104974 0.151641 0.399438 0.211614 0.000010 0.000010 0.081066
0.000010 0.006289 0.803950 0.187639 0.000010 0.002081 0.000010 0.000010
0.176303 0.675050 0.097895 0.000010 0.000010 0.000010 0.000010 0.050713
0.012391 0.184954 0.180675 0.201946 0.000010 0.043087 0.074694 0.302243
0.000010 0.094947 0.261506 0.153940 0.000010 0.049845 0.113737 0.326006
0.104180 0.338475 0.162759 0.249577 0.070973 0.023898 0.026154 0.023985
0.093582 0.243305 0.356172 0.197425 0.000010 0.038729 0.010060 0.060717
0.066614 0.020407 0.312667 0.000010 0.000010 0.000010 0.000010 0.600272
0.108696 0.177696 0.108766 0.000010 0.000010 0.000010 0.032911 0.571902
0.075025 0.000010 0.111850 0.652331 0.042607 0.020693 0.032509 0.064975
0.285748 0.191079 0.157767 0.000010 0.000010 0.015901 0.028966 0.320520
0.000010 0.051527 0.453247 0.000010 0.149914 0.037343 0.040664 0.267286
0.000010 0.000010 0.000010 0.000010 0.000010 0.000010 0.000010 0.999930
0.000010 0.049323 0.455634 0.000010 0.151465 0.038174 0.040470 0.264913
0.000010 0.000010 0.000010 0.000010 0.000010 0.999930 0.000010 0.000010
0.000010 0.000010 0.321108 0.004739 0.439178 0.135663 0.099282 0.000010
0.168244 0.000010 0.000010 0.000010 0.000010 0.038299 0.246058 0.547359
0.026513 0.662736 0.174586 0.000010 0.000010 0.051547 0.000010 0.084588
0.971649 0.000010 0.000010 0.000010 0.000010 0.000010 0.028291 0.000010
0.109764 0.222735 0.085924 0.101492 0.051430 0.048294 0.000010 0.380352
0.099080 0.411631 0.251112 0.105820 0.000010 0.000010 0.000010 0.132327
0.000010 0.014291 0.383812 0.083029 0.000010 0.044326 0.000010 0.474512
0.000010 0.194475 0.000010 0.193057 0.246631 0.009490 0.022893 0.333434
0.212824 0.610462 0.056406 0.000010 0.000010 0.014969 0.105308 0.000010
0.000013 0.000010 0.000010 0.000010 0.000010 0.999927 0.000010 0.000010
0.000010 0.693921 0.037286 0.196894 0.000010 0.000010 0.066762 0.005108
0.000010 0.000010 0.000010 0.000017 0.000010 0.999923 0.000010 0.000010
0.114371 0.057881 0.211173 0.112626 0.000010 0.009389 0.079440 0.415110
0.486509 0.120655 0.000010 0.000010 0.000010 0.009834 0.091015 0.291957
0.094353 0.102270 0.119635 0.000010 0.000010 0.014003 0.106128 0.563592
0.112754 0.075492 0.351921 0.112763 0.079675 0.141629 0.125755 0.000010
0.359338 0.036903 0.148194 0.000010 0.038153 0.137408 0.000010 0.279984
0.000010 0.000010 0.000010 0.337472 0.662468 0.000010 0.000010 0.000010
0.000010 0.025954 0.395478 0.105103 0.412681 0.012913 0.047851 0.000010
0.000010 0.043677 0.173183 0.430702 0.245637 0.000010 0.000010 0.106771
0.000010 0.000010 0.180754 0.581886 0.237310 0.000010 0.000010 0.000010
0.098494 0.000010 0.259056 0.351841 0.250672 0.027189 0.012727 0.000010
0.014835 0.064818 0.173472 0.453256 0.263658 0.010730 0.013096 0.006135
0.000010 0.000010 0.366379 0.158828 0.344720 0.103334 0.026708 0.000010
0.000010 0.154404 0.238447 0.000010 0.000010 0.019320 0.028956 0.558843
0.034972 0.099920 0.358104 0.040333 0.029640 0.013709 0.000010 0.423312
0.177835 0.000010 0.163047 0.000010 0.000010 0.003830 0.000010 0.655248
0.000010 0.000010 0.000010 0.291537 0.708402 0.000011 0.000010 0.000010
0.000010 0.000010 0.624603 0.182575 0.098709 0.094073 0.000010 0.000010
0.000010 0.045543 0.751022 0.000010 0.064375 0.092203 0.046827 0.000010
0.000010 0.000010 0.427201 0.219009 0.300098 0.053652 0.000010 0.000010
0.055412 0.187518 0.062530 0.492890 0.162534 0.039096 0.000010 0.000010
0.000010 0.000010 0.526923 0.038450 0.207349 0.167170 0.060077 0.000010
0.100770 0.216696 0.000010 0.376019 0.135945 0.026636 0.000010 0.143914
0.000010 0.016832 0.128041 0.385468 0.220396 0.042332 0.054109 0.152812
0.000010 0.000010 0.000010 0.000010 0.000010 0.000010 0.000010 0.999930
0.000010 0.135110 0.485721 0.000010 0.364342 0.014787 0.000010 0.000010
0.000010 0.061579 0.868126 0.000010 0.003115 0.067141 0.000010 0.000010
0.072338 0.479075 0.306826 0.000010 0.000010 0.098389 0.043342 0.000010
0.000010 0.000010 0.881190 0.000010 0.008476 0.110284 0.000010 0.000010
0.000010 0.000010 0.000010 0.000010 0.999930 0.000010 0.000010 0.000010
0.000010 0.000010 0.000010 0.000010 0.999930 0.000010 0.000010 0.000010
0.000010 0.041281 0.770149 0.000010 0.090292 0.084232 0.014016 0.000010
0.107365 0.000010 0.719293 0.000010 0.000010 0.016667 0.017158 0.139487
0.000010 0.050911 0.757965 0.046771 0.105241 0.039081 0.000010 0.000010
0.000010 0.000010 0.480114 0.032963 0.435749 0.041697 0.009446 0.000010
0.000010 0.000010 0.442771 0.049340 0.456073 0.026138 0.025648 0.000010
0.308391 0.009644 0.066941 0.144499 0.379683 0.078127 0.000010 0.012705
0.119964 0.000010 0.291324 0.080149 0.000010 0.000010 0.035669 0.472863
0.000010 0.046505 0.690490 0.108206 0.018139 0.059325 0.000010 0.077316
0.016621 0.181933 0.000010 0.169062 0.248550 0.027895 0.000010 0.355918
0.000010 0.000010 0.000010 0.000010 0.999930 0.000010 0.000010 0.000010
0.000010 0.085665 0.352192 0.000010 0.531535 0.000010 0.000010 0.030568
0.000010 0.000010 0.341023 0.290899 0.343611 0.000010 0.024426 0.000010
0.000010 0.000010 0.000010 0.350632 0.649308 0.000010 0.000010 0.000010
0.000010 0.234318 0.081846 0.088871 0.594926 0.000010 0.000010 0.000010
0.000010 0.361770 0.051348 0.531058 0.055784 0.000010 0.000010 0.000010
0.115255 0.000010 0.000010 0.083407 0.801289 0.000010 0.000010 0.000010
0.106631 0.005058 0.143116 0.266630 0.219302 0.085371 0.047150 0.126743
0.095468 0.227360 0.178286 0.100562 0.000010 0.000010 0.082841 0.315463
0.091823 0.020999 0.079511 0.135206 0.000010 0.020667 0.025378 0.626406
0.258131 0.126851 0.209611 0.009090 0.016109 0.050031 0.000010 0.330168
0.000010 0.000010 0.460435 0.289390 0.230709 0.019427 0.000010 0.000010
0.010915 0.000010 0.224999 0.474313 0.256053 0.033690 0.000010 0.000010
0.083470 0.000010 0.441004 0.000010 0.373530 0.087798 0.000010 0.014167
0.000010 0.269730 0.000010 0.719823 0.000010 0.010397 0.000010 0.000010
0.000010 0.000010 0.170974 0.552775 0.204250 0.010248 0.000010 0.061722
0.000010 0.000010 0.082369 0.557923 0.225955 0.000010 0.028320 0.105403
0.000010 0.612861 0.000010 0.238568 0.000010 0.029631 0.049438 0.069472
0.000010 0.000010 0.483879 0.288448 0.227623 0.000010 0.000010 0.000010
0.000010 0.995573 0.000010 0.000010 0.000010 0.004367 0.000010 0.000010
0.080773 0.250405 0.196298 0.000010 0.000010 0.000010 0.000010 0.472485
0.000010 0.117560 0.023436 0.648095 0.099807 0.000010 0.036362 0.074718
0.000010 0.104783 0.082721 0.169507 0.000010 0.032850 0.054739 0.555379
0.023394 0.000010 0.284762 0.362972 0.199991 0.128851 0.000010 0.000010
0.000010 0.163170 0.098401 0.112961 0.491524 0.044245 0.000010 0.089680
0.000010 0.000010 0.733719 0.167395 0.019662 0.038121 0.041073 0.000010
0.000010 0.000010 0.087083 0.403084 0.404129 0.058126 0.000010 0.047547
0.000010 0.561251 0.000010 0.055984 0.321789 0.060937 0.000010 0.000010
0.000010 0.000010 0.523804 0.000010 0.271373 0.204773 0.000010 0.000010
0.000010 0.001768 0.325819 0.314133 0.050236 0.000010 0.053661 0.254363
0.000010 0.000010 0.540588 0.264119 0.024703 0.001008 0.000010 0.169552
0.000010 0.414632 0.000010 0.029729 0.550500 0.005099 0.000010 0.000010
0.118485 0.000010 0.324836 0.066330 0.079651 0.040836 0.000010 0.369841
0.000010 0.185458 0.398391 0.189454 0.000010 0.067355 0.044685 0.114637
0.004588 0.000010 0.555685 0.000010 0.241837 0.124791 0.000010 0.073070
0.000010 0.107700 0.271934 0.124321 0.398440 0.027992 0.000010 0.069593
0.000010 0.000010 0.347320 0.373636 0.278992 0.000013 0.000010 0.000010
0.493524 0.120020 0.000010 0.000010 0.000010 0.011582 0.095348 0.279495
0.000010 0.000010 0.489643 0.209979 0.213414 0.000010 0.000010 0.086924
0.103824 0.020810 0.353121 0.083299 0.411729 0.027197 0.000010 0.000010
0.000010 0.000010 0.103858 0.701765 0.142570 0.000010 0.051766 0.000010
0.000010 0.310021 0.046017 0.496066 0.019005 0.000010 0.073826 0.055046
0.000010 0.316839 0.017359 0.449589 0.213999 0.000010 0.000010 0.002185
0.131353 0.699274 0.000010 0.000010 0.000010 0.116037 0.020479 0.032827
0.211206 0.000010 0.129114 0.062969 0.069615 0.023764 0.084486 0.418836
0.017461 0.000010 0.427401 0.258373 0.242903 0.024133 0.029709 0.000010
0.000010 0.000010 0.000010 0.436958 0.542220 0.000010 0.020772 0.000010
0.007563 0.066003 0.000010 0.510441 0.251531 0.015545 0.022128 0.126779
0.000010 0.401073 0.000010 0.587841 0.000010 0.000010 0.000010 0.011037
0.000010 0.000010 0.000010 0.397175 0.597521 0.005253 0.000010 0.000010
0.000010 0.000010 0.524749 0.160516 0.108668 0.000010 0.000010 0.206026
0.000010 0.000010 0.097656 0.000010 0.859329 0.017356 0.025618 0.000010
0.000010 0.000010 0.127739 0.042436 0.000010 0.059040 0.000010 0.770746
0.405738 0.000010 0.000010 0.000010 0.000010 0.024952 0.016614 0.552656
0.649365 0.000010 0.062632 0.000010 0.061536 0.017955 0.043166 0.165327
