0.000010 0.000010 0.000010 0.000010 0.521706 0.000010 0.000010 0.000010 0.478224
0.154700 0.499563 0.000010 0.062337 0.211973 0.000954 0.000010 0.000010 0.070443
0.342598 0.165806 0.000010 0.150845 0.221755 0.000010 0.000010 0.000010 0.118955
0.000010 0.023764 0.000010 0.000010 0.812664 0.000010 0.022691 0.000010 0.140832
0.377354 0.000010 0.000010 0.000010 0.265456 0.179587 0.000010 0.000010 0.177553
0.386406 0.033123 0.000010 0.033947 0.036842 0.194918 0.180518 0.000010 0.134225
0.654987 0.000010 0.054343 0.000010 0.140263 0.116162 0.000010 0.002569 0.031645
0.158747 0.000010 0.000010 0.040063 0.688616 0.035235 0.000010 0.000010 0.077299
0.468046 0.040831 0.000010 0.100189 0.259471 0.000010 0.000010 0.088189 0.043244
0.338126 0.419804 0.091629 0.002431 0.000010 0.000010 0.071633 0.076346 0.000010
0.000010 0.000010 0.000010 0.000010 0.960169 0.000010 0.039761 0.000010 0.000010
0.276642 0.400002 0.032201 0.004550 0.123736 0.000010 0.097648 0.000010 0.065201
0.161472 0.201960 0.000010 0.000010 0.219578 0.063337 0.000010 0.000010 0.353613
0.071706 0.034540 0.000010 0.094106 0.613250 0.000010 0.000010 0.000010 0.186358
0.210119 0.594948 0.000010 0.053537 0.051164 0.000010 0.000010 0.000010 0.090192
0.364769 0.020366 0.000010 0.135389 0.124536 0.202974 0.034864 0.000010 0.117082
0.000010 0.000010 0.000010 0.000010 0.000010 0.000010 0.000010 0.000010 0.999920
0.000010 0.000010 0.000010 0.064618 0.818412 0.000010 0.000010 0.000010 0.116909
0.234634 0.520106 0.032285 0.023478 0.113391 0.020840 0.000010 0.000010 0.055246
0.444978 0.114987 0.190922 0.000010 0.000010 0.000010 0.199580 0.049492 0.000010
0.415323 0.000010 0.001939 0.000010 0.553510 0.000010 0.000010 0.029178 0.000010
0.302308 0.497556 0.000010 0.000010 0.056259 0.000010 0.143826 0.000010 0.000010
0.155559 0.371232 0.000010 0.000010 0.091739 0.158224 0.039748 0.183469 0.000010
0.000010 0.000010 0.000010 0.000010 0.954724 0.042357 0.002859 0.000010 0.000010
0.000010 0.000010 0.000010 0.000010 0.538029 0.000010 0.000010 0.000010 0.461901
0.167088 0.434310 0.020624 0.107756 0.165278 0.072655 0.029420 0.002860 0.000010
0.902903 0.000010 0.000010 0.000010 0.000010 0.000010 0.000010 0.000010 0.097027
0.634399 0.000010 0.003525 0.000010 0.362016 0.000010 0.000010 0.000010 0.000010
0.428501 0.117511 0.000010 0.000010 0.340382 0.000010 0.000010 0.025546 0.088019
0.142133 0.444644 0.031257 0.000010 0.060726 0.109283 0.000010 0.211927 0.000010
0.483281 0.000010 0.000010 0.000010 0.362021 0.034209 0.109484 0.000010 0.010966
0.000010 0.000010 0.041362 0.000010 0.955315 0.000010 0.000010 0.000010 0.003263
0.281703 0.385622 0.000010 0.000010 0.090752 0.154163 0.087720 0.000010 0.000010
0.198765 0.801165 0.000010 0.000010 0.000010 0.000010 0.000010 0.000010 0.000010
0.907566 0.000010 0.000010 0.000010 0.000010 0.000010 0.000010 0.000010 0.092364
0.496465 0.280779 0.013864 0.037207 0.061187 0.000010 0.000010 0.043906 0.066572
0.005629 0.223898 0.090127 0.023711 0.160071 0.095499 0.159095 0.163405 0.078564
0.085917 0.257218 0.047243 0.171414 0.000010 0.096602 0.000010 0.330040 0.011546
0.240490 0.056573 0.045387 0.000010 0.267115 0.000010 0.102007 0.137184 0.151224
0.380848 0.160937 0.000010 0.000010 0.091292 0.140689 0.000010 0.000010 0.226194
0.251390 0.665639 0.012586 0.070335 0.000010 0.000010 0.000010 0.000010 0.000010
0.000010 0.000010 0.000010 0.000010 0.999920 0.000010 0.000010 0.000010 0.000010
0.256317 0.318115 0.006562 0.069054 0.000010 0.102180 0.199162 0.015306 0.033294
0.184208 0.200405 0.033441 0.000010 0.294661 0.126721 0.001054 0.001274 0.158227
0.000010 0.000010 0.000010 0.000010 0.000010 0.000010 0.000010 0.000010 0.999920
0.345460 0.000010 0.000010 0.000010 0.600048 0.019519 0.000010 0.034923 0.000010
0.152793 0.000010 0.109747 0.061541 0.079539 0.163695 0.387492 0.019416 0.025766
0.843639 0.000010 0.000010 0.000010 0.000010 0.156291 0.000010 0.000010 0.000010
0.130262 0.015109 0.021338 0.000010 0.523097 0.000010 0.027182 0.000010 0.282982
0.000010 0.000010 0.000010 0.000010 0.000010 0.000010 0.000010 0.000010 0.999920
0.358995 0.103084 0.000010 0.041078 0.321089 0.023814 0.053103 0.033020 0.065807
0.643482 0.000010 0.063281 0.088840 0.000010 0.000010 0.082474 0.042474 0.079421
0.370218 0.245738 0.000074 0.005555 0.000010 0.222829 0.155557 0.000010 0.000010
0.000010 0.366377 0.000010 0.042761 0.107516 0.015036 0.407838 0.042512 0.017940
0.604933 0.000010 0.027419 0.024779 0.111582 0.053226 0.043334 0.134708 0.000010
0.021625 0.175014 0.027354 0.039277 0.601192 0.111078 0.000010 0.000010 0.024440
0.163270 0.061719 0.026354 0.126862 0.000010 0.111026 0.301508 0.158643 0.050608
0.301537 0.133603 0.000010 0.000010 0.298203 0.075807 0.000010 0.166069 0.024751
0.569495 0.149530 0.024541 0.038421 0.103098 0.000010 0.000010 0.103804 0.011091
0.241756 0.655506 0.000010 0.000010 0.000010 0.102678 0.000010 0.000010 0.000010
0.081705 0.000010 0.000010 0.000010 0.856463 0.000010 0.000010 0.000010 0.061772
0.357901 0.031473 0.064035 0.426761 0.000010 0.110794 0.009006 0.000010 0.000010
0.193364 0.305127 0.068921 0.000010 0.242544 0.131309 0.000010 0.038655 0.020060
0.548722 0.000010 0.035323 0.000010 0.122337 0.157053 0.000010 0.136526 0.000010
0.271455 0.080251 0.000010 0.000010 0.349771 0.000010 0.191622 0.106861 0.000010
0.176077 0.583866 0.024440 0.000010 0.041372 0.172544 0.001671 0.000010 0.000010
0.204770 0.136500 0.023302 0.048525 0.242727 0.000010 0.095974 0.018898 0.229292
0.000010 0.094242 0.044027 0.026450 0.255087 0.388092 0.003894 0.135186 0.053012
0.000010 0.000010 0.000010 0.000010 0.999920 0.000010 0.000010 0.000010 0.000010
0.325456 0.115229 0.000010 0.000010 0.316232 0.112831 0.000010 0.000010 0.130212
0.415462 0.060786 0.003341 0.047811 0.000010 0.249384 0.223186 0.000010 0.000010
0.000010 0.434647 0.000010 0.000010 0.110543 0.000010 0.224947 0.228267 0.001556
0.271652 0.117765 0.023400 0.000010 0.183067 0.000010 0.050875 0.353211 0.000010
0.389975 0.313991 0.022886 0.000010 0.028513 0.153012 0.000010 0.091594 0.000010
0.198038 0.453068 0.025493 0.037542 0.000010 0.000010 0.279089 0.006742 0.000010
0.025713 0.088169 0.000010 0.038515 0.132140 0.567990 0.147443 0.000010 0.000010
0.000010 0.193759 0.002845 0.000010 0.227821 0.000010 0.178131 0.397403 0.000010
0.132083 0.000010 0.088194 0.000010 0.022142 0.000010 0.733103 0.024439 0.000010
0.000010 0.249400 0.067929 0.000010 0.000010 0.015874 0.564139 0.023379 0.079250
0.098068 0.094447 0.032858 0.000010 0.000010 0.425540 0.323945 0.025111 0.000010
0.000010 0.505980 0.032778 0.000010 0.000010 0.023832 0.392723 0.000010 0.044647
0.000010 0.063914 0.019832 0.000012 0.000010 0.000010 0.015622 0.900581 0.000010
0.000010 0.059448 0.005458 0.000010 0.176960 0.000010 0.226634 0.531461 0.000010
0.117575 0.189477 0.025135 0.000010 0.014213 0.113326 0.300612 0.141528 0.098124
0.017142 0.000010 0.015742 0.025387 0.187287 0.054436 0.699976 0.000010 0.000010
0.000010 0.067653 0.046234 0.000010 0.000010 0.075399 0.745203 0.065470 0.000010
0.325507 0.000010 0.000010 0.159498 0.000010 0.000010 0.243846 0.222975 0.048134
0.006080 0.108898 0.006750 0.000010 0.317954 0.083679 0.379712 0.000010 0.096909
0.000010 0.293283 0.000010 0.057576 0.010453 0.271960 0.291966 0.051947 0.022796
0.106241 0.591194 0.018502 0.032387 0.166452 0.085195 0.000010 0.000010 0.000010
0.021025 0.118931 0.088929 0.063200 0.175411 0.098134 0.249611 0.184749 0.000010
0.021834 0.139569 0.027698 0.052538 0.000010 0.230689 0.252463 0.243230 0.031969
0.014492 0.000010 0.036113 0.000010 0.000010 0.108565 0.762018 0.062338 0.016444
0.198220 0.481901 0.023257 0.000010 0.000010 0.278077 0.018505 0.000010 0.000010
0.000010 0.101177 0.000010 0.000010 0.275274 0.000010 0.185213 0.438287 0.000010
0.052263 0.000010 0.019783 0.000010 0.000010 0.123021 0.699887 0.074940 0.030076
0.000010 0.210979 0.000010 0.015084 0.000010 0.000010 0.568908 0.123250 0.081739
0.097603 0.177209 0.082293 0.079524 0.155722 0.028794 0.176026 0.122528 0.080303
0.000010 0.022932 0.023134 0.063878 0.000010 0.000010 0.818548 0.039355 0.032123
0.289518 0.593840 0.000010 0.000010 0.000010 0.113736 0.000010 0.002856 0.000010
0.000010 0.589714 0.019967 0.090965 0.000010 0.000010 0.236656 0.000010 0.062657
0.032232 0.153381 0.037279 0.073115 0.000010 0.000010 0.393572 0.190867 0.119535
0.267385 0.081520 0.032224 0.158423 0.000010 0.084045 0.365345 0.000010 0.011037
0.052063 0.165779 0.089873 0.075823 0.120918 0.337832 0.000010 0.139904 0.017798
0.100713 0.172762 0.000010 0.000010 0.041565 0.533637 0.000010 0.106326 0.044968
0.000010 0.209219 0.122235 0.107673 0.000010 0.189624 0.276314 0.063015 0.031900
0.000010 0.373382 0.038397 0.063182 0.000010 0.258334 0.173319 0.000010 0.093356
0.208726 0.337754 0.025886 0.006979 0.000010 0.199561 0.146778 0.035238 0.039068
0.000010 0.130641 0.000010 0.002187 0.088985 0.000010 0.714140 0.024708 0.039309
0.107783 0.000010 0.027432 0.088047 0.024334 0.000010 0.251255 0.501119 0.000010
0.000010 0.489256 0.053722 0.065362 0.000010 0.123010 0.228515 0.000010 0.040105
0.144289 0.014789 0.051448 0.000010 0.012655 0.240041 0.253886 0.282873 0.000010
0.185977 0.000010 0.049259 0.173645 0.000010 0.000010 0.000010 0.591069 0.000010
0.236408 0.130686 0.042648 0.055834 0.172598 0.235858 0.125949 0.000010 0.000010
0.000010 0.000010 0.000010 0.000010 0.000010 0.638284 0.361646 0.000010 0.000010
0.091892 0.296874 0.023257 0.156382 0.037254 0.017847 0.136784 0.239699 0.000010
0.000010 0.186068 0.000010 0.000010 0.000010 0.000010 0.452124 0.287901 0.073857
0.000010 0.287289 0.000010 0.629986 0.000010 0.082665 0.000010 0.000010 0.000010
0.000010 0.000010 0.000010 0.000010 0.000010 0.000010 0.827129 0.172801 0.000010
0.291404 0.697732 0.000010 0.000010 0.009388 0.000010 0.000010 0.000010 0.001426
0.000010 0.000010 0.000010 0.000010 0.050439 0.000010 0.719795 0.169054 0.060663
0.035524 0.045635 0.033309 0.000010 0.000010 0.104985 0.425146 0.281356 0.074025
0.191953 0.243060 0.000010 0.000010 0.000010 0.355765 0.201749 0.000010 0.007434
0.067035 0.199030 0.087095 0.000010 0.129329 0.307024 0.109816 0.100652 0.000010
0.000010 0.193488 0.050879 0.000010 0.332529 0.347647 0.075416 0.000010 0.000010
0.060960 0.333132 0.072961 0.039258 0.067615 0.000010 0.132969 0.293084 0.000010
0.024934 0.265886 0.070060 0.333942 0.078382 0.110486 0.048426 0.067876 0.000010
0.000010 0.164587 0.055154 0.000010 0.000010 0.172070 0.528310 0.000010 0.079841
0.000010 0.385481 0.011063 0.154049 0.309028 0.035403 0.000010 0.104946 0.000010
0.000010 0.000010 0.000010 0.215508 0.115934 0.309133 0.277667 0.064813 0.016916
0.000010 0.079159 0.128269 0.032017 0.105208 0.427006 0.061946 0.166375 0.000010
0.031106 0.000010 0.073425 0.022800 0.000010 0.300567 0.238598 0.307413 0.026071
0.127251 0.061671 0.000010 0.000010 0.000014 0.000010 0.597005 0.199248 0.014780
0.000010 0.050967 0.048394 0.000010 0.000010 0.000010 0.525784 0.374805 0.000010
0.167059 0.212579 0.000010 0.000010 0.000010 0.271276 0.349036 0.000010 0.000010
0.025872 0.030647 0.000011 0.089894 0.061710 0.057935 0.000010 0.657238 0.076683
0.000010 0.086236 0.032754 0.078214 0.000010 0.503032 0.284291 0.000010 0.015443
0.000010 0.410321 0.021330 0.000010 0.094926 0.079630 0.263457 0.073249 0.057067
0.021523 0.000010 0.037274 0.085145 0.238037 0.256977 0.307526 0.000010 0.053498
0.190448 0.000010 0.077088 0.000010 0.053393 0.140176 0.529672 0.000010 0.009193
0.396862 0.082915 0.000010 0.195215 0.046633 0.033800 0.160934 0.083620 0.000010
0.143640 0.000010 0.000010 0.000010 0.000010 0.000010 0.000010 0.856290 0.000010
0.000010 0.535330 0.000010 0.000010 0.191138 0.000010 0.210649 0.057210 0.005632
0.172753 0.160580 0.036908 0.000010 0.012426 0.241571 0.205054 0.095792 0.074907
0.130836 0.083094 0.044729 0.000010 0.000010 0.146180 0.256928 0.222213 0.115998
0.193079 0.327739 0.016283 0.069125 0.099239 0.219206 0.000010 0.065860 0.009459
0.161069 0.229317 0.034664 0.000010 0.093107 0.000010 0.119065 0.354053 0.008705
0.000010 0.009979 0.000010 0.000010 0.005519 0.000010 0.804030 0.180423 0.000010
0.000010 0.143950 0.000010 0.000010 0.091283 0.000010 0.712854 0.000010 0.051862
0.615603 0.000010 0.004628 0.000010 0.000010 0.330676 0.000010 0.027618 0.021435
0.000010 0.184372 0.012547 0.004304 0.273885 0.000010 0.344456 0.156397 0.024019
0.000010 0.077629 0.028068 0.132608 0.000010 0.097295 0.180126 0.454551 0.029703
0.000010 0.000010 0.000010 0.000010 0.000010 0.277846 0.722084 0.000010 0.000010
0.000010 0.076530 0.028845 0.133815 0.000010 0.097816 0.176354 0.457254 0.029367
0.000010 0.000010 0.999920 0.000010 0.000010 0.000010 0.000010 0.000010 0.000010
0.030532 0.000010 0.131452 0.410446 0.000017 0.026350 0.000010 0.312267 0.088916
0.000010 0.000010 0.041895 0.000010 0.169014 0.000010 0.485895 0.058168 0.244988
0.000010 0.597036 0.050129 0.002427 0.026843 0.000010 0.118851 0.204685 0.000010
0.000010 0.000010 0.000010 0.000010 0.999920 0.000010 0.000010 0.000010 0.000010
0.114533 0.228100 0.050768 0.039033 0.092861 0.023685 0.372624 0.078386 0.000010
0.082113 0.404813 0.000010 0.000010 0.082811 0.000010 0.193833 0.236390 0.000010
0.068342 0.000010 0.035022 0.000010 0.000010 0.218197 0.384199 0.294200 0.000010
0.154688 0.198754 0.010824 0.211069 0.000010 0.154828 0.247742 0.000010 0.022075
0.000010 0.540550 0.014373 0.000010 0.216581 0.000010 0.008081 0.112976 0.107410
0.000010 0.000010 0.999914 0.000010 0.000010 0.000016 0.000010 0.000010 0.000010
0.134188 0.730330 0.005094 0.000010 0.000010 0.000010 0.042149 0.013810 0.074398
0.000010 0.000010 0.999920 0.000010 0.000010 0.000010 0.000010 0.000010 0.000010
0.092835 0.011134 0.000010 0.000010 0.055776 0.415383 0.266545 0.067296 0.091011
0.000010 0.000010 0.000010 0.000010 0.387078 0.464423 0.022250 0.000010 0.126199
0.000010 0.087137 0.016077 0.000010 0.062816 0.078093 0.550644 0.082606 0.122608
0.116849 0.073956 0.134057 0.092421 0.114925 0.000010 0.000010 0.352781 0.114991
0.000010 0.000010 0.131076 0.003342 0.271055 0.594477 0.000010 0.000010 0.000010
0.357179 0.000010 0.000010 0.642751 0.000010 0.000010 0.000010 0.000010 0.000010
0.092491 0.009038 0.001703 0.340511 0.000010 0.220449 0.000010 0.313350 0.022438
0.422726 0.052928 0.000010 0.230212 0.000010 0.159946 0.030455 0.103703 0.000010
0.574804 0.000010 0.000010 0.211358 0.000010 0.072642 0.000010 0.141146 0.000010
0.327235 0.000010 0.021852 0.225560 0.087523 0.133381 0.004499 0.197099 0.002840
0.436244 0.089825 0.012352 0.253257 0.010889 0.000010 0.000010 0.191561 0.005851
0.127905 0.000010 0.088099 0.276305 0.000010 0.253648 0.000010 0.254003 0.000010
0.000010 0.139380 0.020173 0.000010 0.000010 0.101285 0.525079 0.179382 0.034670
0.043367 0.095111 0.008460 0.029724 0.016537 0.132020 0.393244 0.281527 0.000010
0.000010 0.000010 0.001248 0.000010 0.087843 0.000010 0.910848 0.000010 0.000010
0.247637 0.000010 0.000010 0.625478 0.000010 0.126826 0.000010 0.000010 0.000010
0.130345 0.000010 0.076425 0.086186 0.000010 0.208643 0.000010 0.498360 0.000010
0.000010 0.000010 0.061263 0.000010 0.000010 0.408862 0.000010 0.521879 0.007945
0.192059 0.000010 0.046126 0.257681 0.000010 0.176114 0.000010 0.327980 0.000010
0.448799 0.188178 0.028414 0.088706 0.040183 0.193912 0.000010 0.011788 0.000010
0.040401 0.000010 0.153453 0.180897 0.000010 0.127280 0.000010 0.453756 0.044184
0.313974 0.191244 0.006871 0.103853 0.004205 0.379822 0.000010 0.000010 0.000010
0.388286 0.004942 0.036802 0.197119 0.000010 0.164107 0.089349 0.075757 0.043627
0.000010 0.000010 0.004223 0.000010 0.000010 0.101760 0.893957 0.000010 0.000010
0.000010 0.101902 0.008351 0.348164 0.000010 0.083243 0.039391 0.418919 0.000010
0.000010 0.000010 0.040250 0.000010 0.000010 0.354954 0.000010 0.604736 0.000010
0.000010 0.431726 0.092603 0.000010 0.081518 0.000010 0.000010 0.363526 0.030588
0.000010 0.000010 0.088545 0.000010 0.000010 0.216224 0.000010 0.695171 0.000010
0.000010 0.000010 0.000010 0.999920 0.000010 0.000010 0.000010 0.000010 0.000010
0.000010 0.000010 0.000010 0.999920 0.000010 0.000010 0.000010 0.000010 0.000010
0.000019 0.005389 0.064375 0.086316 0.000010 0.222959 0.000010 0.616406 0.004516
0.000010 0.000010 0.000010 0.000010 0.000010 0.516889 0.000010 0.483041 0.000010
0.056217 0.014505 0.020649 0.085763 0.000010 0.231764 0.000010 0.591072 0.000010
0.020403 0.000010 0.023361 0.338904 0.000010 0.288371 0.000010 0.328921 0.000010
0.052687 0.000010 0.014761 0.383631 0.000010 0.186682 0.000010 0.355642 0.006567
0.116478 0.011304 0.077664 0.352744 0.296725 0.106010 0.000010 0.039055 0.000010
0.045074 0.000010 0.000010 0.000010 0.028854 0.624642 0.139440 0.129537 0.032423
0.081618 0.063698 0.045987 0.009408 0.000010 0.000010 0.088035 0.711225 0.000010
0.160172 0.164254 0.027732 0.218335 0.000010 0.125780 0.303697 0.000010 0.000010
0.000010 0.000010 0.000010 0.999914 0.000010 0.000016 0.000010 0.000010 0.000010
0.000010 0.035273 0.000010 0.464419 0.000010 0.301110 0.000010 0.199148 0.000010
0.298415 0.000010 0.000010 0.343938 0.000010 0.000010 0.000010 0.345233 0.012364
0.371977 0.000010 0.000010 0.627953 0.000010 0.000010 0.000010 0.000010 0.000010
0.085696 0.264873 0.000010 0.569517 0.000010 0.006885 0.000010 0.072989 0.000010
0.453533 0.366240 0.000010 0.058428 0.000010 0.117484 0.000010 0.004275 0.000010
0.117676 0.000010 0.000010 0.740457 0.112706 0.029111 0.000010 0.000010 0.000010
0.278640 0.009638 0.082274 0.201099 0.095311 0.000010 0.198841 0.081985 0.052202
0.096607 0.229558 0.000010 0.000010 0.082640 0.067858 0.298629 0.141235 0.083454
0.152399 0.000010 0.024130 0.000010 0.043247 0.054320 0.685337 0.000010 0.040536
0.006939 0.103461 0.044304 0.015374 0.209799 0.116797 0.376444 0.126872 0.000010
0.288531 0.000010 0.005490 0.199336 0.000010 0.161554 0.000010 0.345050 0.000010
0.440818 0.000010 0.018767 0.211766 0.000010 0.136993 0.056695 0.134932 0.000010
0.000010 0.000010 0.076187 0.330695 0.066594 0.115934 0.030364 0.380196 0.000010
0.674796 0.315202 0.009942 0.000010 0.000010 0.000010 0.000010 0.000010 0.000010
0.540146 0.000010 0.003635 0.173573 0.000010 0.102841 0.066742 0.113034 0.000010
0.536365 0.000010 0.000010 0.223394 0.000010 0.000010 0.118415 0.090026 0.031760
0.186496 0.671610 0.032772 0.000010 0.000010 0.033192 0.026786 0.000010 0.049114
0.297771 0.000010 0.000010 0.220116 0.000010 0.000010 0.031701 0.450362 0.000010
0.000010 0.775168 0.005738 0.000010 0.000010 0.000010 0.167386 0.051659 0.000010
0.000010 0.196909 0.000010 0.000010 0.018795 0.000010 0.670451 0.113794 0.000010
0.619172 0.143552 0.000010 0.093562 0.000010 0.031000 0.034323 0.050169 0.028203
0.177515 0.105825 0.034794 0.000010 0.000010 0.014385 0.560256 0.048065 0.059139
0.355394 0.000010 0.119698 0.182806 0.019868 0.054266 0.057511 0.210436 0.000010
0.093104 0.166188 0.044236 0.485791 0.000010 0.000010 0.151467 0.059184 0.000010
0.158551 0.010551 0.037227 0.024672 0.000010 0.000010 0.000010 0.738211 0.030757
0.380912 0.000010 0.051395 0.391732 0.000010 0.130041 0.000010 0.045880 0.000010
0.014400 0.623821 0.060628 0.301101 0.000010 0.000010 0.000010 0.000010 0.000010
0.000010 0.000010 0.185506 0.198671 0.000010 0.272714 0.000010 0.343060 0.000010
0.247329 0.000010 0.000010 0.039203 0.000010 0.227508 0.185099 0.244178 0.056653
0.227687 0.000010 0.000010 0.036476 0.000010 0.000010 0.231912 0.503876 0.000010
0.032836 0.443003 0.005590 0.518520 0.000010 0.000010 0.000010 0.000010 0.000010
0.073924 0.000010 0.035678 0.071793 0.100038 0.053084 0.384127 0.281336 0.000010
0.167100 0.206898 0.064778 0.000010 0.000010 0.000010 0.079579 0.432369 0.049247
0.000010 0.000010 0.105197 0.189564 0.000010 0.291702 0.027697 0.385800 0.000010
0.133339 0.116285 0.022503 0.367818 0.000010 0.083907 0.025722 0.250405 0.000010
0.373080 0.000010 0.000010 0.261848 0.000010 0.000010 0.000010 0.365012 0.000010
0.000010 0.000010 0.000010 0.000010 0.397705 0.459659 0.011501 0.000010 0.131085
0.175119 0.000010 0.000010 0.213334 0.000010 0.000010 0.131702 0.479794 0.000010
0.047108 0.000010 0.019849 0.358792 0.092952 0.266204 0.000010 0.215065 0.000010
0.697085 0.000010 0.000010 0.132300 0.000010 0.000010 0.000010 0.120374 0.050192
0.447024 0.322797 0.000010 0.017794 0.000010 0.000010 0.098262 0.043303 0.070792
0.319510 0.283028 0.000010 0.185143 0.000010 0.212269 0.000010 0.000010 0.000010
0.000010 0.583769 0.109971 0.000010 0.116413 0.000010 0.163049 0.000010 0.026757
0.084000 0.000010 0.023763 0.064333 0.190260 0.074366 0.406103 0.070107 0.087058
0.268432 0.000010 0.021733 0.226026 0.020161 0.036760 0.028411 0.371619 0.026846
0.376116 0.000010 0.000010 0.473053 0.000010 0.145278 0.000010 0.000010 0.005503
0.509912 0.045342 0.014194 0.242434 0.011476 0.000010 0.160303 0.000010 0.016319
0.516008 0.402339 0.000010 0.000010 0.000010 0.081593 0.000010 0.000010 0.000010
0.405471 0.000010 0.007126 0.587343 0.000010 0.000010 0.000010 0.000010 0.000010
0.116702 0.000010 0.000010 0.124364 0.000010 0.000010 0.246910 0.511973 0.000010
0.000010 0.000010 0.012094 0.802510 0.000010 0.095750 0.000010 0.068925 0.020681
0.030664 0.000010 0.058213 0.000010 0.000010 0.000010 0.703585 0.207487 0.000010
0.000010 0.000010 0.018301 0.000010 0.337464 0.195239 0.435781 0.000010 0.013176
0.000010 0.000010 0.015906 0.031071 0.612009 0.146267 0.161242 0.000010 0.033476
