0.000010 0.000010 0.000010 0.000010 0.399952 0.599978 0.000010 0.000010 0.000010
0.000010 0.812529 0.000010 0.022481 0.164930 0.000010 0.000010 0.000010 0.000010
0.000010 0.000010 0.000010 0.223921 0.190353 0.032780 0.000010 0.007190 0.545717
0.000010 0.000010 0.000010 0.000010 0.999920 0.000010 0.000010 0.000010 0.000010
0.000010 0.000010 0.000010 0.387779 0.086348 0.525813 0.000010 0.000010 0.000010
0.000010 0.311081 0.000010 0.352512 0.000010 0.336346 0.000011 0.000010 0.000010
0.000010 0.000010 0.016698 0.363152 0.000010 0.000010 0.000010 0.022039 0.598062
0.000010 0.000010 0.000010 0.141760 0.858170 0.000010 0.000010 0.000010 0.000010
0.000010 0.000010 0.000010 0.000010 0.000010 0.000010 0.000010 0.000010 0.999920
0.096141 0.687017 0.000010 0.058055 0.120748 0.000010 0.000010 0.037998 0.000010
0.000010 0.000010 0.000010 0.000010 0.999920 0.000010 0.000010 0.000010 0.000010
0.000010 0.682728 0.000010 0.020784 0.065715 0.051504 0.012084 0.000010 0.167155
0.000010 0.204553 0.000010 0.070408 0.234415 0.490575 0.000010 0.000010 0.000010
0.000010 0.000010 0.000010 0.002080 0.887317 0.110543 0.000010 0.000010 0.000010
0.000010 0.901165 0.000010 0.000010 0.098765 0.000010 0.000010 0.000010 0.000010
0.000010 0.139860 0.000010 0.391490 0.000010 0.399246 0.000010 0.000010 0.069354
0.000010 0.000017 0.000010 0.000010 0.000010 0.999912 0.000010 0.000010 0.000010
0.000010 0.000010 0.000010 0.000010 0.999920 0.000010 0.000010 0.000010 0.000010
0.000010 0.651898 0.000010 0.132613 0.141886 0.040301 0.033261 0.000010 0.000010
0.194387 0.209353 0.000010 0.225785 0.000010 0.000010 0.000010 0.135953 0.234481
0.000010 0.000010 0.000010 0.000010 0.493905 0.000010 0.000010 0.000010 0.506025
0.000010 0.976822 0.000010 0.023108 0.000010 0.000010 0.000010 0.000010 0.000010
0.000010 0.877245 0.000010 0.000010 0.000010 0.000010 0.000010 0.122685 0.000010
0.000010 0.000010 0.000010 0.000010 0.999920 0.000010 0.000010 0.000010 0.000010
0.000010 0.000010 0.000018 0.000010 0.572578 0.427344 0.000010 0.000010 0.000010
0.000010 0.730056 0.000010 0.113643 0.088955 0.000010 0.051402 0.015904 0.000010
0.000010 0.000010 0.000010 0.000010 0.000010 0.000010 0.000010 0.000010 0.999920
0.000010 0.000010 0.000010 0.000010 0.261804 0.000010 0.000010 0.000010 0.738126
0.000010 0.000010 0.000010 0.033942 0.264107 0.028052 0.000010 0.070114 0.603745
0.000010 0.708831 0.120768 0.000010 0.000010 0.000010 0.000010 0.170340 0.000010
0.000010 0.000010 0.000010 0.000010 0.318807 0.000010 0.000010 0.000010 0.681123
0.000010 0.000010 0.000010 0.000010 0.999920 0.000010 0.000010 0.000010 0.000010
0.000010 0.703911 0.157132 0.022067 0.086048 0.000010 0.030802 0.000010 0.000010
0.000010 0.999920 0.000010 0.000010 0.000010 0.000010 0.000010 0.000010 0.000010
0.000010 0.000010 0.000010 0.000010 0.000010 0.000010 0.000010 0.000010 0.999920
0.000010 0.260960 0.000010 0.046505 0.000010 0.000010 0.000010 0.000010 0.692475
0.172240 0.008372 0.082184 0.040243 0.023361 0.062061 0.355325 0.256203 0.000010
0.000010 0.000010 0.000010 0.380768 0.000010 0.000010 0.000010 0.619162 0.000010
0.000010 0.027773 0.000010 0.050669 0.387053 0.018768 0.114603 0.261635 0.139479
0.000010 0.000319 0.000010 0.246593 0.000010 0.395140 0.000010 0.000010 0.357898
0.000010 0.978156 0.000010 0.021774 0.000010 0.000010 0.000010 0.000010 0.000010
0.000010 0.000010 0.000010 0.000010 0.999920 0.000010 0.000010 0.000010 0.000010
0.000010 0.597409 0.000010 0.253176 0.000010 0.000010 0.084599 0.064766 0.000010
0.127300 0.225882 0.003782 0.000010 0.287703 0.208022 0.000010 0.000010 0.147280
0.000010 0.000010 0.000010 0.000010 0.000010 0.999920 0.000010 0.000010 0.000010
0.000010 0.000010 0.000010 0.071961 0.531353 0.092707 0.000010 0.000010 0.303929
0.092844 0.000010 0.416174 0.161341 0.000010 0.329591 0.000010 0.000010 0.000010
0.000010 0.000010 0.000010 0.934238 0.000010 0.000010 0.000010 0.000010 0.065692
0.000010 0.000010 0.000010 0.182445 0.394083 0.423412 0.000010 0.000010 0.000010
0.000010 0.000010 0.000010 0.000010 0.000010 0.999920 0.000010 0.000010 0.000010
0.000010 0.000010 0.000010 0.000010 0.155469 0.000010 0.000010 0.000010 0.844461
0.000010 0.000010 0.000010 0.000010 0.000010 0.000010 0.000010 0.000010 0.999920
0.000010 0.789775 0.000010 0.210155 0.000010 0.000010 0.000010 0.000010 0.000010
0.000010 0.212872 0.236808 0.074786 0.000010 0.000010 0.475484 0.000010 0.000010
0.000010 0.000010 0.000010 0.247156 0.000010 0.000010 0.000010 0.085513 0.667271
0.000010 0.247342 0.000010 0.017046 0.735552 0.000010 0.000010 0.000010 0.000010
0.000010 0.102504 0.260011 0.206429 0.000010 0.000010 0.355294 0.075722 0.000010
0.000010 0.093775 0.000010 0.068996 0.378973 0.022385 0.000010 0.090553 0.345288
0.000010 0.000010 0.000010 0.080976 0.000010 0.000010 0.000010 0.000010 0.918954
0.000010 0.999920 0.000010 0.000010 0.000010 0.000010 0.000010 0.000010 0.000010
0.000010 0.000010 0.000010 0.022306 0.977624 0.000010 0.000010 0.000010 0.000010
0.000010 0.223326 0.000010 0.776604 0.000010 0.000010 0.000010 0.000010 0.000010
0.302500 0.195658 0.000010 0.093633 0.282698 0.000010 0.000010 0.090136 0.035345
0.000010 0.000010 0.000010 0.408574 0.000010 0.000010 0.000010 0.208400 0.382966
0.000010 0.000010 0.000010 0.000010 0.165436 0.000010 0.392428 0.034823 0.407262
0.000010 0.892451 0.000010 0.059455 0.048034 0.000010 0.000010 0.000010 0.000010
0.000010 0.085406 0.000010 0.179874 0.243087 0.491583 0.000010 0.000010 0.000010
0.000010 0.000010 0.104871 0.066217 0.000010 0.000010 0.696671 0.132190 0.000010
0.000010 0.000010 0.000010 0.000010 0.999920 0.000010 0.000010 0.000010 0.000010
0.000010 0.000010 0.000010 0.042076 0.372074 0.270025 0.000010 0.000010 0.315775
0.000010 0.513185 0.084470 0.279898 0.000010 0.000010 0.028087 0.094320 0.000010
0.000018 0.421199 0.048854 0.000010 0.115108 0.000010 0.176216 0.154569 0.084015
0.000010 0.000010 0.000010 0.000010 0.000010 0.219413 0.000010 0.375297 0.405230
0.000010 0.399992 0.000010 0.139563 0.000010 0.000010 0.000010 0.174966 0.285430
0.000010 0.679890 0.000010 0.068666 0.000010 0.000010 0.251384 0.000010 0.000010
0.000010 0.000010 0.866155 0.045556 0.000010 0.000010 0.000010 0.000010 0.088229
0.000010 0.095143 0.000010 0.000010 0.284302 0.000010 0.129297 0.491207 0.000010
0.000010 0.000010 0.276018 0.000010 0.000010 0.236678 0.487244 0.000010 0.000010
0.000010 0.091209 0.755236 0.000010 0.000010 0.000010 0.153495 0.000010 0.000010
0.000010 0.134619 0.551375 0.068470 0.000010 0.000010 0.000010 0.245486 0.000010
0.000010 0.401431 0.355859 0.000010 0.000010 0.000010 0.242650 0.000010 0.000010
0.000010 0.000010 0.117270 0.000010 0.000010 0.000010 0.000010 0.882660 0.000010
0.000010 0.000010 0.000010 0.000010 0.374826 0.000010 0.000010 0.625104 0.000010
0.000010 0.246026 0.181498 0.028170 0.000010 0.000010 0.447863 0.061369 0.035044
0.000010 0.000010 0.654243 0.000010 0.205696 0.000010 0.139746 0.000265 0.000010
0.000010 0.000010 0.999920 0.000010 0.000010 0.000010 0.000010 0.000010 0.000010
0.000010 0.000010 0.000010 0.314322 0.000010 0.000010 0.404456 0.124265 0.156907
0.000010 0.000010 0.000010 0.000010 0.292988 0.000010 0.706942 0.000010 0.000010
0.000010 0.289540 0.468789 0.039880 0.000010 0.000010 0.056672 0.145078 0.000010
0.000010 0.904984 0.000010 0.000010 0.094946 0.000010 0.000010 0.000010 0.000010
0.000010 0.012604 0.000010 0.165494 0.094737 0.000010 0.530838 0.196286 0.000010
0.000010 0.000010 0.817920 0.019070 0.000010 0.000010 0.000010 0.162950 0.000010
0.000010 0.000010 0.885481 0.114449 0.000010 0.000010 0.000010 0.000010 0.000010
0.000010 0.874218 0.125712 0.000010 0.000010 0.000010 0.000010 0.000010 0.000010
0.000010 0.078813 0.000010 0.000010 0.391076 0.000010 0.042032 0.488028 0.000010
0.000010 0.000010 0.999920 0.000010 0.000010 0.000010 0.000010 0.000010 0.000010
0.000010 0.000010 0.000010 0.027083 0.000010 0.000010 0.703743 0.269114 0.000010
0.202681 0.118000 0.018965 0.037727 0.116447 0.000010 0.316085 0.054723 0.135361
0.000010 0.000010 0.999920 0.000010 0.000010 0.000010 0.000010 0.000010 0.000010
0.000010 0.999920 0.000010 0.000010 0.000010 0.000010 0.000010 0.000010 0.000010
0.000010 0.624901 0.000010 0.059023 0.000010 0.000010 0.316016 0.000010 0.000010
0.000010 0.075929 0.182968 0.075804 0.000010 0.188132 0.308992 0.168145 0.000010
0.000010 0.118315 0.170461 0.290004 0.000010 0.000010 0.311037 0.000010 0.110143
0.127695 0.045160 0.424110 0.022551 0.000010 0.036290 0.000010 0.234751 0.109424
0.000010 0.000010 0.999920 0.000010 0.000010 0.000010 0.000010 0.000010 0.000010
0.176920 0.165756 0.000010 0.235520 0.000010 0.000010 0.303048 0.118715 0.000010
0.000010 0.538366 0.163266 0.081307 0.000010 0.000010 0.150994 0.066027 0.000010
0.000010 0.734232 0.073718 0.097255 0.000010 0.000010 0.000010 0.094746 0.000010
0.000010 0.000010 0.000010 0.000010 0.000010 0.000010 0.999920 0.000010 0.000010
0.000010 0.000010 0.000010 0.154959 0.000010 0.000010 0.096322 0.748660 0.000010
0.000010 0.359318 0.181934 0.000010 0.000010 0.000010 0.160054 0.004591 0.294064
0.000010 0.026016 0.582977 0.099180 0.023289 0.000010 0.000010 0.268499 0.000010
0.000010 0.000010 0.000012 0.199789 0.000010 0.000012 0.000010 0.800137 0.000010
0.193093 0.436736 0.074178 0.158965 0.000010 0.000010 0.121529 0.000010 0.015469
0.000010 0.000010 0.917056 0.000010 0.000010 0.000010 0.000010 0.082874 0.000010
0.182128 0.297982 0.000010 0.219217 0.000010 0.000010 0.070046 0.230587 0.000010
0.000010 0.000010 0.000010 0.063472 0.000010 0.000010 0.630371 0.306096 0.000010
0.000010 0.150169 0.000010 0.788105 0.000010 0.000010 0.000010 0.061666 0.000010
0.000010 0.000010 0.604073 0.000010 0.000010 0.000010 0.314524 0.081342 0.000010
0.000010 0.930297 0.000010 0.000010 0.069633 0.000010 0.000010 0.000010 0.000010
0.000010 0.000010 0.000010 0.000010 0.000010 0.000010 0.999920 0.000010 0.000010
0.000010 0.000010 0.445781 0.000010 0.000010 0.000010 0.255793 0.298365 0.000010
0.000010 0.452804 0.512106 0.035030 0.000010 0.000010 0.000010 0.000010 0.000010
0.000010 0.000010 0.893237 0.000010 0.106693 0.000010 0.000010 0.000010 0.000010
0.000010 0.000010 0.766042 0.000010 0.233888 0.000010 0.000010 0.000010 0.000010
0.231577 0.063850 0.000010 0.148193 0.000010 0.000010 0.275576 0.280764 0.000010
0.000010 0.495796 0.058895 0.322845 0.000010 0.000010 0.000010 0.122414 0.000010
0.000010 0.000010 0.818636 0.013590 0.000010 0.000010 0.000010 0.167714 0.000010
0.000010 0.118780 0.000010 0.086202 0.170475 0.000010 0.474711 0.149792 0.000010
0.000010 0.000010 0.181718 0.358586 0.000010 0.000010 0.351892 0.107755 0.000010
0.173708 0.111088 0.481653 0.000010 0.000010 0.000010 0.057437 0.176075 0.000010
0.044437 0.000010 0.250911 0.019809 0.012702 0.000010 0.148973 0.523140 0.000010
0.000010 0.000010 0.143428 0.037469 0.000010 0.000010 0.390977 0.428076 0.000010
0.000010 0.000010 0.610234 0.000010 0.000010 0.000010 0.000010 0.389696 0.000010
0.000010 0.727201 0.209959 0.000010 0.000010 0.000010 0.062780 0.000010 0.000010
0.293271 0.000010 0.000010 0.048353 0.000010 0.000010 0.000010 0.658316 0.000010
0.000010 0.000010 0.680467 0.000010 0.000010 0.000010 0.000010 0.000010 0.319463
0.000010 0.078970 0.000010 0.000010 0.070844 0.000010 0.683798 0.166337 0.000010
0.000010 0.000010 0.000010 0.173232 0.000010 0.000010 0.826698 0.000010 0.000010
0.000010 0.000010 0.116552 0.145662 0.000010 0.000010 0.737726 0.000010 0.000010
0.000010 0.000010 0.000010 0.637865 0.000010 0.000010 0.253852 0.108223 0.000010
0.000010 0.000010 0.073657 0.000010 0.000010 0.000010 0.000010 0.926273 0.000010
0.000010 0.278839 0.000010 0.000010 0.053435 0.000010 0.480259 0.187417 0.000010
0.000010 0.000010 0.698555 0.091778 0.000010 0.000010 0.062462 0.147154 0.000010
0.169810 0.000010 0.336521 0.040383 0.000010 0.000010 0.124028 0.329217 0.000010
0.000010 0.444128 0.323482 0.106261 0.126080 0.000010 0.000010 0.000010 0.000010
0.000010 0.136511 0.439291 0.040990 0.105943 0.000010 0.006551 0.235742 0.034952
0.000010 0.000010 0.000010 0.000010 0.000010 0.000010 0.999920 0.000010 0.000010
0.000010 0.000010 0.000010 0.000010 0.000010 0.000010 0.999920 0.000010 0.000010
0.000010 0.000010 0.170883 0.383959 0.000010 0.000010 0.000010 0.000010 0.445098
0.000010 0.238342 0.245192 0.000010 0.392609 0.000010 0.023436 0.100380 0.000010
0.000010 0.000010 0.386704 0.000010 0.000010 0.000010 0.000010 0.613226 0.000010
0.000010 0.000010 0.999920 0.000010 0.000010 0.000010 0.000010 0.000010 0.000010
0.000010 0.000010 0.384752 0.000010 0.000010 0.000010 0.000010 0.615178 0.000010
0.999920 0.000010 0.000010 0.000010 0.000010 0.000010 0.000010 0.000010 0.000010
0.053034 0.000010 0.000010 0.387055 0.000010 0.000017 0.000010 0.559843 0.000010
0.000010 0.000010 0.399391 0.000010 0.224692 0.205140 0.000010 0.170728 0.000010
0.000010 0.291367 0.273219 0.099268 0.000010 0.000010 0.000010 0.336096 0.000010
0.000010 0.000010 0.000010 0.000010 0.999920 0.000010 0.000010 0.000010 0.000010
0.000010 0.120106 0.027520 0.121219 0.000010 0.000010 0.579886 0.151228 0.000010
0.000010 0.557831 0.006642 0.000010 0.191475 0.000010 0.000010 0.244002 0.000010
0.000010 0.000010 0.154854 0.126334 0.000010 0.000010 0.004250 0.714512 0.000010
0.143878 0.058652 0.276435 0.427462 0.000010 0.000010 0.091519 0.002024 0.000010
0.000010 0.277860 0.000010 0.000010 0.164501 0.067820 0.270979 0.218800 0.000010
0.999920 0.000010 0.000010 0.000010 0.000010 0.000010 0.000010 0.000010 0.000010
0.000010 0.759255 0.000010 0.032715 0.000010 0.000010 0.142452 0.065528 0.000010
0.999916 0.000010 0.000010 0.000010 0.000014 0.000010 0.000010 0.000010 0.000010
0.000010 0.000010 0.743293 0.000010 0.103151 0.000010 0.149200 0.004306 0.000010
0.000010 0.000010 0.000010 0.000010 0.286974 0.000010 0.712956 0.000010 0.000010
0.000010 0.000010 0.219367 0.000010 0.000010 0.069817 0.643550 0.067216 0.000010
0.438540 0.000010 0.000010 0.000010 0.000010 0.045363 0.000010 0.441620 0.074427
0.022476 0.000010 0.000010 0.018136 0.000010 0.000010 0.721907 0.237432 0.000010
0.000010 0.000010 0.000010 0.999920 0.000010 0.000010 0.000010 0.000010 0.000010
0.000010 0.000010 0.000010 0.548727 0.000010 0.000010 0.000010 0.451203 0.000010
0.000010 0.000010 0.000010 0.663724 0.000010 0.000010 0.000010 0.336206 0.000010
0.000010 0.000010 0.000010 0.885471 0.000010 0.000010 0.000010 0.114459 0.000010
0.000010 0.000010 0.000010 0.652876 0.000010 0.024811 0.000010 0.252160 0.070103
0.000010 0.020387 0.000010 0.573456 0.000010 0.000010 0.000010 0.161879 0.244228
0.000010 0.000010 0.000010 0.413360 0.000010 0.000010 0.000010 0.586570 0.000010
0.000010 0.000010 0.268470 0.000010 0.000010 0.000010 0.596755 0.134715 0.000010
0.000012 0.000010 0.150926 0.024173 0.000010 0.000010 0.143721 0.681127 0.000010
0.000010 0.000010 0.000010 0.000010 0.000010 0.000010 0.999920 0.000010 0.000010
0.000010 0.000010 0.000010 0.999920 0.000010 0.000010 0.000010 0.000010 0.000010
0.000010 0.000010 0.000010 0.239603 0.000010 0.000010 0.000010 0.760327 0.000010
0.000010 0.000010 0.000010 0.000010 0.000010 0.000010 0.000010 0.999920 0.000010
0.000010 0.000010 0.000010 0.530178 0.000010 0.000010 0.000010 0.469752 0.000010
0.000010 0.223584 0.000010 0.391732 0.000010 0.000010 0.000010 0.074539 0.310095
0.000010 0.000010 0.000010 0.163439 0.000010 0.000010 0.000010 0.836491 0.000010
0.000010 0.076327 0.212559 0.479866 0.000010 0.000010 0.000010 0.070260 0.160947
0.000010 0.000010 0.000010 0.559340 0.000010 0.000010 0.000010 0.440590 0.000010
0.000010 0.000010 0.999920 0.000010 0.000010 0.000010 0.000010 0.000010 0.000010
0.000010 0.000010 0.000010 0.431413 0.000010 0.000010 0.000010 0.568517 0.000010
0.000010 0.000010 0.000010 0.000010 0.000010 0.000010 0.000010 0.999920 0.000010
0.368573 0.089478 0.000010 0.000010 0.000010 0.000010 0.000010 0.541889 0.000010
0.000010 0.000010 0.000010 0.000010 0.000010 0.000010 0.000010 0.999920 0.000010
0.000010 0.000010 0.000010 0.999920 0.000010 0.000010 0.000010 0.000010 0.000010
0.000010 0.000010 0.000010 0.999920 0.000010 0.000010 0.000010 0.000010 0.000010
0.000010 0.000010 0.000010 0.105179 0.000010 0.000010 0.000010 0.894751 0.000010
0.000010 0.000010 0.014969 0.000010 0.000010 0.000010 0.000010 0.984961 0.000010
0.000010 0.000010 0.000010 0.129448 0.000010 0.000010 0.000010 0.870482 0.000010
0.000010 0.000010 0.000010 0.383956 0.000010 0.000010 0.000010 0.615974 0.000010
0.000010 0.000010 0.000010 0.437019 0.000010 0.000010 0.000010 0.562911 0.000010
0.081492 0.000010 0.000010 0.233726 0.056627 0.000010 0.498757 0.000010 0.129359
0.000010 0.000010 0.999920 0.000010 0.000010 0.000010 0.000010 0.000010 0.000010
0.000010 0.000010 0.000010 0.000010 0.000010 0.000010 0.000010 0.999920 0.000010
0.000010 0.000010 0.145489 0.111493 0.000010 0.000010 0.222266 0.000010 0.520702
0.000010 0.000010 0.000010 0.999920 0.000010 0.000010 0.000010 0.000010 0.000010
0.000010 0.000010 0.000010 0.573621 0.000010 0.000010 0.000010 0.426309 0.000010
0.000010 0.000010 0.000010 0.589341 0.000010 0.000010 0.000010 0.410589 0.000010
0.000010 0.000010 0.000010 0.999920 0.000010 0.000010 0.000010 0.000010 0.000010
0.000010 0.436330 0.000010 0.563600 0.000010 0.000010 0.000010 0.000010 0.000010
0.000010 0.363015 0.000010 0.232683 0.000010 0.000010 0.000010 0.030153 0.374099
0.000010 0.000010 0.102830 0.897100 0.000010 0.000010 0.000010 0.000010 0.000010
0.100710 0.071234 0.092892 0.398336 0.000010 0.000011 0.268849 0.067948 0.000010
0.000010 0.000010 0.442617 0.072970 0.160723 0.000016 0.105334 0.218310 0.000010
0.000010 0.000010 0.000010 0.012864 0.000010 0.000010 0.987066 0.000010 0.000010
0.000010 0.000010 0.038502 0.002443 0.000010 0.265938 0.603241 0.089836 0.000010
0.000010 0.000010 0.000010 0.443418 0.000010 0.000010 0.000010 0.556512 0.000010
0.000010 0.000010 0.000010 0.708558 0.000010 0.000010 0.000010 0.291372 0.000010
0.000010 0.000010 0.000010 0.387166 0.000010 0.000010 0.000010 0.612764 0.000010
0.000010 0.217104 0.000010 0.294179 0.000010 0.000010 0.000010 0.000010 0.488657
0.000010 0.000010 0.000010 0.782972 0.000010 0.000010 0.000010 0.216958 0.000010
0.000010 0.072254 0.000010 0.713885 0.000010 0.000010 0.056375 0.157437 0.000010
0.000010 0.999920 0.000010 0.000010 0.000010 0.000010 0.000010 0.000010 0.000010
0.000010 0.000010 0.000010 0.498549 0.000010 0.000010 0.000010 0.501381 0.000010
0.000010 0.510973 0.000010 0.000010 0.000010 0.000010 0.211599 0.277368 0.000010
0.000010 0.000010 0.000010 0.000010 0.000010 0.000010 0.999920 0.000010 0.000010
0.000010 0.000010 0.000010 0.522485 0.000010 0.000010 0.000010 0.000010 0.477445
0.000010 0.123883 0.132150 0.071293 0.000010 0.000010 0.560112 0.112523 0.000010
0.000010 0.000010 0.000010 0.486888 0.000010 0.000010 0.000010 0.513041 0.000010
0.078695 0.337452 0.000010 0.565982 0.000010 0.000010 0.000010 0.017821 0.000010
0.076501 0.000010 0.000010 0.000010 0.000010 0.000010 0.000010 0.849850 0.073589
0.000010 0.000010 0.000010 0.765149 0.000010 0.000010 0.000010 0.234781 0.000010
0.000010 0.832620 0.000010 0.167310 0.000010 0.000010 0.000010 0.000010 0.000010
0.009104 0.000010 0.000010 0.202699 0.000010 0.000010 0.000010 0.788137 0.000010
0.000010 0.000010 0.075319 0.354499 0.000010 0.000010 0.252108 0.294963 0.023071
0.000010 0.000010 0.000010 0.244288 0.000010 0.000010 0.000010 0.755642 0.000010
0.000010 0.434481 0.000010 0.565449 0.000010 0.000010 0.000010 0.000010 0.000010
0.000010 0.000010 0.000010 0.236566 0.000010 0.000010 0.176425 0.586949 0.000010
0.000010 0.000010 0.480867 0.063654 0.000010 0.000010 0.000010 0.437266 0.018163
0.000010 0.000010 0.000010 0.311506 0.000010 0.000010 0.000010 0.688424 0.000010
0.000010 0.000010 0.000010 0.598233 0.000010 0.000010 0.000010 0.401697 0.000010
0.000010 0.000010 0.000010 0.697179 0.000010 0.000010 0.000010 0.302751 0.000010
0.000010 0.000010 0.000010 0.000010 0.288615 0.000010 0.711315 0.000010 0.000010
0.000010 0.000010 0.000010 0.466423 0.000010 0.000010 0.000010 0.533507 0.000010
0.000010 0.000010 0.000010 0.438476 0.000010 0.000010 0.000010 0.561454 0.000010
0.000010 0.000010 0.000010 0.785369 0.000010 0.000010 0.000010 0.113533 0.101038
0.000010 0.523021 0.000010 0.209779 0.000010 0.220767 0.000010 0.046383 0.000010
0.000010 0.593906 0.000010 0.406024 0.000010 0.000010 0.000010 0.000010 0.000010
0.213231 0.276170 0.000010 0.000010 0.146977 0.000010 0.333849 0.029733 0.000010
0.000010 0.000010 0.000010 0.149170 0.000010 0.000010 0.850760 0.000010 0.000010
0.000015 0.000010 0.000010 0.492401 0.000010 0.000010 0.000010 0.507524 0.000010
0.000010 0.000010 0.000010 0.837512 0.000010 0.000010 0.000010 0.000010 0.162418
0.000010 0.000010 0.000010 0.554762 0.000010 0.000010 0.231984 0.000010 0.213194
0.000010 0.305533 0.000010 0.080635 0.000010 0.000010 0.000010 0.000010 0.613773
0.000010 0.000010 0.000010 0.999920 0.000010 0.000010 0.000010 0.000010 0.000010
0.000010 0.000010 0.000010 0.226064 0.000010 0.000010 0.000010 0.773866 0.000010
0.000010 0.000010 0.000010 0.999920 0.000010 0.000010 0.000010 0.000010 0.000010
0.000010 0.000010 0.779533 0.000010 0.000010 0.000010 0.000010 0.220397 0.000010
0.000010 0.000010 0.075507 0.000010 0.224692 0.000010 0.699741 0.000010 0.000010
0.000010 0.000010 0.000010 0.000010 0.520903 0.000010 0.479027 0.000010 0.000010
