0.000010 0.999960 0.000010 0.000010 0.000010
0.430792 0.268440 0.300748 0.000010 0.000010
0.093791 0.396878 0.492254 0.000010 0.017067
0.144999 0.836095 0.000010 0.018886 0.000010
0.087049 0.538866 0.365089 0.008986 0.000010
0.326203 0.264667 0.358890 0.000010 0.050230
0.000010 0.331846 0.588997 0.066572 0.012575
0.000010 0.638161 0.347722 0.014097 0.000010
0.000010 0.420977 0.467118 0.034871 0.077024
0.429542 0.045430 0.323606 0.089239 0.112182
0.262275 0.639092 0.000010 0.017119 0.081504
0.454267 0.219784 0.293476 0.032463 0.000010
0.230249 0.642416 0.127315 0.000010 0.000010
0.070357 0.715183 0.214440 0.000010 0.000010
0.598424 0.152941 0.248614 0.000010 0.000010
0.159520 0.321798 0.468945 0.000010 0.049727
0.000010 0.999960 0.000010 0.000010 0.000010
0.041404 0.788465 0.109035 0.032442 0.028653
0.459838 0.186492 0.308299 0.045361 0.000010
0.200807 0.063253 0.394751 0.185676 0.155513
0.080202 0.480412 0.400639 0.016368 0.022379
0.642022 0.159878 0.177597 0.020493 0.000010
0.459837 0.144709 0.207357 0.017299 0.170797
0.164777 0.705216 0.000010 0.097204 0.032793
0.000010 0.947604 0.000010 0.052366 0.000010
0.606379 0.088521 0.258853 0.046237 0.000010
0.026246 0.311056 0.619862 0.042825 0.000010
0.000010 0.426374 0.509814 0.063792 0.000010
0.022653 0.427239 0.419003 0.038298 0.092806
0.357488 0.060122 0.208990 0.083388 0.290012
0.076133 0.440929 0.386114 0.031583 0.065241
0.027594 0.735668 0.170854 0.065875 0.000010
0.676050 0.158505 0.138707 0.026728 0.000010
0.582017 0.080375 0.276388 0.061211 0.000010
0.022968 0.309152 0.625227 0.042644 0.000010
0.170477 0.270168 0.514608 0.011158 0.033589
0.281592 0.214075 0.005036 0.132942 0.366355
0.164111 0.000010 0.332282 0.067127 0.436471
0.149166 0.418054 0.190293 0.083570 0.158918
0.199403 0.494561 0.306016 0.000010 0.000010
0.535970 0.069986 0.317855 0.076179 0.000010
0.003665 0.746429 0.210698 0.039197 0.000010
0.535139 0.000010 0.365778 0.000010 0.099063
0.248292 0.450289 0.180058 0.000010 0.121351
0.000010 0.999960 0.000010 0.000010 0.000010
0.000010 0.471315 0.444158 0.012370 0.072147
0.197859 0.123029 0.250956 0.090040 0.338115
0.000010 0.121580 0.868019 0.010382 0.000010
0.000010 0.746272 0.168607 0.085101 0.000010
0.000010 0.999960 0.000010 0.000010 0.000010
0.088677 0.412376 0.372914 0.048572 0.077460
0.070563 0.212748 0.595491 0.062258 0.058939
0.553464 0.000010 0.379826 0.028575 0.038125
0.494711 0.065429 0.059653 0.056588 0.323619
0.000010 0.279617 0.541503 0.052793 0.126076
0.238316 0.535293 0.203601 0.022781 0.000010
0.319521 0.032372 0.264046 0.035280 0.348781
0.126801 0.381089 0.346708 0.036977 0.108424
0.108379 0.268528 0.504540 0.013239 0.105314
0.682262 0.047747 0.251339 0.018642 0.000010
0.000010 0.671253 0.300260 0.028466 0.000010
0.093217 0.000010 0.736689 0.084289 0.085795
0.336201 0.265886 0.195504 0.102943 0.099465
0.000010 0.239162 0.548982 0.015631 0.196215
0.267428 0.303952 0.186548 0.000010 0.242063
0.715374 0.019853 0.219322 0.045441 0.000010
0.145387 0.498973 0.235656 0.000010 0.119974
0.313479 0.330205 0.008080 0.062146 0.286090
0.072097 0.702576 0.189261 0.036055 0.000010
0.205628 0.551860 0.229114 0.013388 0.000010
0.407311 0.032246 0.424177 0.036962 0.099304
0.536917 0.113713 0.000010 0.034585 0.314775
0.000010 0.210369 0.296624 0.059353 0.433644
0.314130 0.110541 0.425280 0.019178 0.130871
0.553181 0.000010 0.219010 0.080256 0.147543
0.454608 0.120229 0.041679 0.030537 0.352947
0.290303 0.151511 0.000010 0.058312 0.499864
0.387733 0.082250 0.000010 0.117508 0.412499
0.553906 0.121716 0.000010 0.120065 0.204303
0.504958 0.000010 0.020131 0.060276 0.414626
0.674453 0.045789 0.011022 0.058700 0.210036
0.000010 0.000010 0.060847 0.086302 0.852831
0.069406 0.146599 0.000010 0.065384 0.718600
0.420847 0.202711 0.070237 0.045820 0.260384
0.388415 0.186578 0.000010 0.059822 0.365175
0.433546 0.000010 0.000010 0.067036 0.499398
0.119649 0.112766 0.445554 0.000010 0.322021
0.424706 0.364407 0.000010 0.011148 0.199729
0.618270 0.040777 0.071868 0.000010 0.269075
0.643491 0.128422 0.197719 0.030358 0.000010
0.390060 0.142373 0.117109 0.123252 0.227207
0.261266 0.000010 0.143467 0.046766 0.548491
0.391984 0.004521 0.026327 0.072037 0.505131
0.509971 0.020633 0.197120 0.108344 0.163934
0.086404 0.271895 0.000010 0.056176 0.585515
0.248078 0.015704 0.000010 0.046535 0.689673
0.534429 0.000010 0.000010 0.000010 0.465541
0.237415 0.265447 0.177795 0.121722 0.197621
0.279683 0.028019 0.089186 0.051105 0.552007
0.545971 0.005504 0.278446 0.041583 0.128497
0.619871 0.000010 0.159532 0.038367 0.182220
0.312304 0.193934 0.098152 0.061637 0.333973
0.443220 0.070172 0.321794 0.057585 0.107229
0.229174 0.164271 0.163846 0.097482 0.345227
0.445644 0.141889 0.053456 0.034073 0.324939
0.447218 0.031178 0.187766 0.116213 0.217625
0.555861 0.076806 0.178211 0.051937 0.137185
0.513443 0.097075 0.274062 0.024525 0.090895
0.603167 0.073875 0.000010 0.001298 0.321650
0.076683 0.091626 0.237279 0.040753 0.553660
0.599609 0.014841 0.157931 0.062375 0.165243
0.299165 0.069319 0.104319 0.056378 0.470818
0.000010 0.000010 0.346399 0.109245 0.544336
0.401529 0.126226 0.266853 0.101994 0.103399
0.492375 0.000010 0.000010 0.040820 0.466785
0.323722 0.064308 0.318117 0.060634 0.233220
0.413590 0.000010 0.022286 0.000010 0.564104
0.215993 0.000010 0.714480 0.000010 0.069508
0.431621 0.000010 0.000010 0.021364 0.546995
0.680613 0.156636 0.124324 0.038418 0.000010
0.391177 0.140201 0.000010 0.000010 0.468603
0.247707 0.089307 0.039753 0.060565 0.562668
0.600613 0.143523 0.048375 0.039445 0.168043
0.444163 0.158789 0.042220 0.120532 0.234297
0.477944 0.295633 0.000010 0.070606 0.155807
0.383260 0.056467 0.123805 0.092130 0.344337
0.312193 0.000010 0.460110 0.105980 0.121707
0.321886 0.121157 0.000010 0.074513 0.482435
0.466549 0.207142 0.100778 0.025203 0.200328
0.345737 0.159637 0.202018 0.008187 0.284421
0.277090 0.140860 0.072568 0.165206 0.344276
0.235863 0.000010 0.155233 0.097614 0.511280
0.398445 0.094222 0.002304 0.025799 0.479230
0.254515 0.000010 0.000010 0.104506 0.640959
0.687308 0.005969 0.194866 0.031066 0.080790
0.000010 0.193137 0.210189 0.057009 0.539655
0.497935 0.000010 0.064668 0.071503 0.365884
0.613402 0.140383 0.000010 0.019312 0.226892
0.298738 0.295690 0.168730 0.063969 0.172873
0.494211 0.203772 0.051325 0.140014 0.110677
0.171467 0.094789 0.493310 0.000010 0.240424
0.000010 0.000010 0.133123 0.015541 0.851316
0.674960 0.161944 0.000010 0.000010 0.163076
0.385755 0.195869 0.088256 0.057590 0.272530
0.319137 0.134717 0.075148 0.074967 0.396030
0.419702 0.182845 0.287874 0.067430 0.042149
0.267019 0.133571 0.206209 0.041382 0.351819
0.262864 0.029404 0.000010 0.039848 0.667873
0.520242 0.141356 0.000010 0.000010 0.338382
0.078636 0.197397 0.572452 0.028156 0.123359
0.437496 0.197876 0.000010 0.009516 0.355102
0.097252 0.057442 0.168881 0.055164 0.621261
0.613205 0.000010 0.000010 0.050406 0.336369
0.095903 0.057357 0.169234 0.055393 0.622113
0.000010 0.000010 0.000010 0.999960 0.000010
0.000010 0.070412 0.409791 0.163047 0.356740
0.101040 0.397625 0.000010 0.032467 0.468857
0.584299 0.000010 0.047625 0.047838 0.320229
0.000010 0.868743 0.118973 0.012264 0.000010
0.467879 0.055370 0.161912 0.075505 0.239333
0.306255 0.052584 0.214946 0.021780 0.404435
0.233155 0.005535 0.059076 0.079079 0.623156
0.401659 0.017282 0.387806 0.047580 0.145673
0.581458 0.238333 0.005575 0.020506 0.154128
0.000017 0.000010 0.000010 0.999953 0.000010
0.596511 0.000010 0.210397 0.080190 0.112892
0.000010 0.000010 0.000010 0.999960 0.000010
0.441582 0.237902 0.005647 0.029351 0.285517
0.477769 0.471770 0.000010 0.050440 0.000010
0.431915 0.164606 0.000010 0.024202 0.379266
0.000010 0.216631 0.213816 0.163102 0.406441
0.169321 0.253862 0.080921 0.166833 0.329064
0.000010 0.000010 0.977159 0.022811 0.000010
0.000010 0.000010 0.551378 0.014489 0.434112
0.215381 0.000010 0.533713 0.002520 0.248376
0.000010 0.000010 0.796160 0.000010 0.203810
0.000010 0.072357 0.599974 0.026918 0.300742
0.058936 0.141654 0.635323 0.017513 0.146574
0.000010 0.037700 0.519815 0.098903 0.343571
0.364118 0.000010 0.000010 0.059729 0.576133
0.207934 0.000010 0.075618 0.035132 0.681307
0.382432 0.118145 0.000010 0.057607 0.441806
0.000010 0.000010 0.989961 0.010009 0.000010
0.000010 0.000010 0.329787 0.098140 0.572053
0.000010 0.009737 0.135132 0.103427 0.751694
0.000010 0.004580 0.515801 0.077749 0.401860
0.150630 0.154707 0.578379 0.048041 0.068243
0.000010 0.044293 0.270514 0.132298 0.552885
0.373268 0.075654 0.438053 0.027647 0.085379
0.000010 0.083711 0.528209 0.060053 0.328017
0.332916 0.000010 0.000010 0.045872 0.621192
0.174205 0.000010 0.353366 0.002636 0.469784
0.031084 0.000010 0.102585 0.054902 0.811420
0.327551 0.162445 0.062825 0.122659 0.324521
0.000010 0.000010 0.013848 0.162928 0.823204
0.000010 0.000010 0.999960 0.000010 0.000010
0.000010 0.000010 0.974069 0.025901 0.000010
0.047707 0.000010 0.170965 0.093935 0.687383
0.000010 0.103021 0.053847 0.034926 0.808196
0.000010 0.000010 0.235534 0.031415 0.733031
0.000010 0.000010 0.472711 0.033325 0.493944
0.000010 0.000010 0.540484 0.000994 0.458502
0.123963 0.152503 0.561277 0.103983 0.058273
0.245809 0.167019 0.000010 0.042604 0.544558
0.000010 0.000010 0.157790 0.075294 0.766896
0.433428 0.102358 0.391010 0.051210 0.021993
0.000010 0.000010 0.999960 0.000010 0.000010
0.167204 0.000010 0.447627 0.000010 0.385149
0.000010 0.153450 0.556354 0.022646 0.267540
0.000010 0.000010 0.988721 0.011249 0.000010
0.234678 0.000010 0.646294 0.000010 0.119007
0.325611 0.089877 0.479125 0.000010 0.105376
0.000010 0.063086 0.839455 0.000010 0.097439
0.014185 0.170364 0.483814 0.101440 0.230196
0.264093 0.219373 0.081336 0.014160 0.421038
0.511798 0.183963 0.000010 0.077559 0.226670
0.365242 0.126834 0.025030 0.085796 0.397098
0.000010 0.000010 0.525417 0.047341 0.427222
0.031859 0.000010 0.714026 0.040690 0.213414
0.000010 0.000010 0.404082 0.098535 0.497363
0.259176 0.186987 0.528087 0.025741 0.000010
0.000010 0.000010 0.743312 0.020025 0.236643
0.143038 0.086788 0.683540 0.023204 0.063430
0.503600 0.004336 0.255722 0.063303 0.173038
0.000010 0.000010 0.548037 0.000010 0.451933
0.853756 0.000010 0.000010 0.020070 0.126154
0.566081 0.031110 0.000010 0.016370 0.386429
0.154220 0.218347 0.621968 0.005456 0.000010
0.463879 0.092321 0.041044 0.074917 0.327839
0.000010 0.050909 0.535319 0.140437 0.273326
0.299153 0.000010 0.577605 0.041817 0.081414
0.000010 0.046364 0.169619 0.049734 0.734273
0.000010 0.024681 0.736066 0.086008 0.153234
0.430780 0.000010 0.462625 0.088651 0.017933
0.000010 0.000010 0.243952 0.218506 0.537523
0.238537 0.176881 0.285946 0.011250 0.287386
0.000010 0.000010 0.321646 0.008337 0.669996
0.345193 0.000010 0.619412 0.035375 0.000010
0.207094 0.056859 0.160873 0.055219 0.519956
0.191382 0.084769 0.136596 0.083052 0.504200
0.089675 0.000010 0.296768 0.178097 0.435451
0.143480 0.000010 0.548018 0.028451 0.280041
0.000010 0.000010 0.697075 0.000010 0.302895
0.477213 0.472287 0.000010 0.050480 0.000010
0.000010 0.000010 0.464544 0.004850 0.530587
0.018177 0.102567 0.485338 0.028187 0.365731
0.000010 0.092837 0.748497 0.000010 0.158646
0.343202 0.166126 0.381917 0.000238 0.108518
0.332774 0.031225 0.549321 0.014292 0.072389
0.716561 0.142383 0.000010 0.141036 0.000010
0.451413 0.282825 0.009119 0.070572 0.186071
0.000010 0.135674 0.493172 0.020324 0.350821
0.000010 0.022972 0.976998 0.000010 0.000010
0.212614 0.130692 0.650711 0.005974 0.000010
0.436499 0.166709 0.371400 0.025382 0.000010
0.000010 0.000010 0.991570 0.008400 0.000010
0.000010 0.000010 0.269223 0.021291 0.709466
0.000010 0.000010 0.861556 0.021730 0.116695
0.119670 0.000010 0.070115 0.065366 0.744839
0.408239 0.374111 0.000010 0.062190 0.155450
0.115069 0.566081 0.133970 0.046711 0.138169
