0.000010 0.999960 0.000010 0.000010 0.000010
0.258573 0.166710 0.574697 0.000010 0.000010
0.000010 0.296269 0.620946 0.000010 0.082766
0.000010 0.999960 0.000010 0.000010 0.000010
0.000010 0.676664 0.323306 0.000010 0.000010
0.145135 0.330364 0.524481 0.000010 0.000010
0.000010 0.000010 0.900226 0.000010 0.099744
0.000010 0.822685 0.177285 0.000010 0.000010
0.000010 0.238342 0.761628 0.000010 0.000010
0.228464 0.123662 0.471175 0.070760 0.105938
0.131736 0.868234 0.000010 0.000010 0.000010
0.325878 0.123588 0.536589 0.013935 0.000010
0.054888 0.733637 0.211455 0.000010 0.000010
0.000010 0.999960 0.000010 0.000010 0.000010
0.393812 0.094102 0.512066 0.000010 0.000010
0.000010 0.363321 0.539898 0.096762 0.000010
0.000010 0.999960 0.000010 0.000010 0.000010
0.000010 0.999960 0.000010 0.000010 0.000010
0.359476 0.160384 0.480120 0.000010 0.000010
0.035032 0.000010 0.554481 0.190711 0.219766
0.000010 0.546968 0.453002 0.000010 0.000010
0.565074 0.000010 0.434896 0.000010 0.000010
0.503247 0.000010 0.351056 0.115904 0.029783
0.000010 0.999960 0.000010 0.000010 0.000010
0.000010 0.999960 0.000010 0.000010 0.000010
0.490922 0.081521 0.427537 0.000010 0.000010
0.000010 0.000010 0.999960 0.000010 0.000010
0.000010 0.388068 0.611902 0.000010 0.000010
0.000010 0.431230 0.510523 0.000010 0.058227
0.581013 0.017196 0.297767 0.000010 0.104013
0.000010 0.474457 0.525513 0.000010 0.000010
0.000010 0.945535 0.000010 0.000010 0.054435
0.607395 0.006391 0.386194 0.000010 0.000010
0.362882 0.000010 0.637088 0.000010 0.000010
0.000010 0.000010 0.999960 0.000010 0.000010
0.063379 0.129411 0.807190 0.000010 0.000010
0.416456 0.106440 0.000010 0.157155 0.319940
0.000010 0.000010 0.001428 0.000010 0.998542
0.031741 0.490403 0.131622 0.000010 0.346224
0.000010 0.458156 0.541814 0.000010 0.000010
0.336129 0.000010 0.663841 0.000010 0.000010
0.000010 0.999960 0.000010 0.000010 0.000010
0.318502 0.000010 0.586383 0.000010 0.095095
0.072306 0.531723 0.257310 0.138651 0.000010
0.000010 0.999960 0.000010 0.000010 0.000010
0.000010 0.659397 0.340573 0.000010 0.000010
0.450340 0.000010 0.129217 0.321295 0.099138
0.000010 0.000010 0.957220 0.000010 0.042750
0.000010 0.887700 0.112270 0.000010 0.000010
0.000010 0.999960 0.000010 0.000010 0.000010
0.049778 0.344754 0.605449 0.000010 0.000010
0.000010 0.000010 0.999960 0.000010 0.000010
0.411510 0.000010 0.588460 0.000010 0.000010
0.851812 0.000010 0.132482 0.000010 0.015686
0.000010 0.211254 0.696369 0.000010 0.092356
0.123525 0.683743 0.192712 0.000010 0.000010
0.667663 0.000010 0.144942 0.000010 0.187375
0.000933 0.516180 0.383587 0.000010 0.099290
0.082228 0.001808 0.915944 0.000010 0.000010
0.481746 0.018057 0.431251 0.068937 0.000010
0.000010 0.963428 0.036542 0.000010 0.000010
0.000010 0.000010 0.861234 0.000010 0.138736
0.168694 0.279564 0.181300 0.284692 0.085749
0.000010 0.000010 0.664960 0.000010 0.335010
0.240573 0.307887 0.297098 0.000010 0.154433
0.689196 0.000010 0.310774 0.000010 0.000010
0.002311 0.774552 0.158494 0.000010 0.064633
0.792500 0.024429 0.000010 0.000010 0.183050
0.000010 0.999960 0.000010 0.000010 0.000010
0.000010 0.671344 0.328626 0.000010 0.000010
0.404884 0.000010 0.494765 0.000010 0.100330
0.612483 0.128922 0.143274 0.000010 0.115310
0.000010 0.294881 0.340264 0.056379 0.308465
0.207501 0.000010 0.653715 0.000010 0.138764
0.571899 0.000010 0.428071 0.000010 0.000010
0.721052 0.000010 0.138225 0.000010 0.140703
0.269625 0.257469 0.000010 0.000010 0.472887
0.779844 0.000010 0.000010 0.220126 0.000010
0.999960 0.000010 0.000010 0.000010 0.000010
0.643566 0.000010 0.005077 0.000010 0.351337
0.910827 0.000010 0.089143 0.000010 0.000010
0.000010 0.000010 0.000010 0.000010 0.999960
0.109739 0.366676 0.000010 0.000010 0.523565
0.676896 0.000010 0.236588 0.000010 0.086496
0.798347 0.188519 0.000010 0.000010 0.013114
0.999960 0.000010 0.000010 0.000010 0.000010
0.070034 0.000010 0.652699 0.000010 0.277247
0.654316 0.345654 0.000010 0.000010 0.000010
0.713833 0.000010 0.000010 0.000010 0.286137
0.530604 0.072976 0.396401 0.000010 0.000010
0.589533 0.090500 0.000010 0.000010 0.319947
0.617216 0.000010 0.000010 0.000010 0.382754
0.780763 0.000010 0.000010 0.000010 0.219207
0.461058 0.000010 0.538912 0.000010 0.000010
0.237210 0.371503 0.000010 0.000010 0.391266
0.897725 0.000010 0.000010 0.000010 0.102245
0.641858 0.000010 0.000010 0.000010 0.358112
0.467455 0.170154 0.190711 0.171670 0.000010
0.851744 0.000010 0.000010 0.000010 0.148226
0.279788 0.000010 0.646537 0.073656 0.000010
0.696742 0.000010 0.303228 0.000010 0.000010
0.462420 0.116112 0.000010 0.109591 0.311867
0.482516 0.000010 0.517454 0.000010 0.000010
0.462152 0.014913 0.154101 0.104215 0.264620
0.861183 0.079930 0.058867 0.000010 0.000010
0.438146 0.000010 0.125044 0.153256 0.283544
0.833932 0.000010 0.139081 0.000010 0.026967
0.607030 0.000010 0.331253 0.000010 0.061696
0.999960 0.000010 0.000010 0.000010 0.000010
0.115928 0.000010 0.000010 0.000010 0.884042
0.538423 0.000010 0.461547 0.000010 0.000010
0.622836 0.037039 0.000010 0.000010 0.340105
0.000010 0.000010 0.000010 0.000010 0.999960
0.454911 0.000010 0.390401 0.154668 0.000010
0.791514 0.000010 0.000010 0.000010 0.208456
0.325870 0.000010 0.082166 0.180375 0.411579
0.608812 0.000010 0.000010 0.000010 0.391158
0.000010 0.000010 0.622231 0.000010 0.377739
0.858635 0.000010 0.000010 0.000010 0.141335
0.578751 0.000010 0.421219 0.000010 0.000010
0.840898 0.000010 0.000010 0.000010 0.159072
0.638859 0.000010 0.000010 0.000010 0.361111
0.794136 0.000010 0.138097 0.000010 0.067747
0.901737 0.098227 0.000016 0.000010 0.000010
0.825878 0.174092 0.000010 0.000010 0.000010
0.381725 0.000010 0.011433 0.215000 0.391832
0.424326 0.000010 0.326907 0.000010 0.248747
0.824736 0.000010 0.000010 0.000010 0.175234
0.568058 0.174301 0.020083 0.000010 0.237549
0.573209 0.000010 0.007065 0.000010 0.419706
0.676925 0.000010 0.000010 0.127810 0.195245
0.296223 0.054299 0.000010 0.047162 0.602306
0.536010 0.000010 0.000010 0.000010 0.463960
0.497383 0.000010 0.000010 0.000010 0.502587
0.583649 0.000010 0.330056 0.086275 0.000010
0.000010 0.000010 0.000010 0.284905 0.715065
0.560082 0.000010 0.401449 0.000010 0.038449
0.823046 0.090013 0.000010 0.000010 0.086921
0.761599 0.000010 0.000010 0.000010 0.238371
0.999960 0.000010 0.000010 0.000010 0.000010
0.280210 0.000010 0.496104 0.000010 0.223666
0.000010 0.000010 0.000010 0.000010 0.999960
0.651457 0.057336 0.048331 0.000010 0.242866
0.784576 0.000010 0.000010 0.000010 0.215394
0.370503 0.000010 0.000010 0.154249 0.475228
0.471624 0.117463 0.410893 0.000010 0.000010
0.351624 0.212897 0.119849 0.000010 0.315620
0.999960 0.000010 0.000010 0.000010 0.000010
0.848910 0.151060 0.000010 0.000010 0.000010
0.096714 0.000010 0.824904 0.000010 0.078362
0.642196 0.357023 0.000010 0.000010 0.000762
0.297181 0.000010 0.000010 0.000010 0.702789
0.999960 0.000010 0.000010 0.000010 0.000010
0.294035 0.000010 0.000010 0.000010 0.705935
0.000010 0.000010 0.000010 0.999960 0.000010
0.000010 0.000010 0.050447 0.036338 0.913194
0.268817 0.432433 0.000010 0.000010 0.298730
0.536076 0.000010 0.042764 0.000010 0.421140
0.000010 0.999960 0.000010 0.000010 0.000010
0.808201 0.000010 0.000010 0.000010 0.191769
0.382592 0.128643 0.400852 0.000010 0.087904
0.060827 0.000010 0.000010 0.000010 0.939143
0.335246 0.000010 0.345351 0.123767 0.195626
0.514996 0.247673 0.000010 0.000010 0.237310
0.000010 0.000010 0.000010 0.999960 0.000010
0.563815 0.000010 0.397437 0.000010 0.038728
0.000011 0.000010 0.000010 0.999959 0.000010
0.871103 0.128867 0.000010 0.000010 0.000010
0.654347 0.345623 0.000010 0.000010 0.000010
0.831283 0.119840 0.000010 0.000010 0.048857
0.000010 0.008651 0.000010 0.448052 0.543277
0.750588 0.000011 0.000010 0.000010 0.249382
0.000010 0.000010 0.999960 0.000010 0.000010
0.000010 0.000010 0.000010 0.000010 0.999960
0.000010 0.000010 0.311377 0.000010 0.688593
0.000010 0.000010 0.583880 0.000010 0.416090
0.000010 0.000010 0.393690 0.000010 0.606280
0.000010 0.000010 0.704928 0.000010 0.295042
0.000010 0.000010 0.101890 0.000010 0.898080
0.893650 0.000010 0.000010 0.000010 0.106320
0.263486 0.000018 0.000010 0.000010 0.736475
0.999960 0.000010 0.000010 0.000010 0.000010
0.000010 0.000010 0.999960 0.000010 0.000010
0.000010 0.000010 0.000010 0.000010 0.999960
0.000010 0.000010 0.000010 0.000010 0.999960
0.000010 0.000010 0.000010 0.000010 0.999960
0.060884 0.000010 0.803388 0.000010 0.135708
0.000010 0.000010 0.000010 0.000010 0.999960
0.188155 0.000010 0.644726 0.000010 0.167099
0.000010 0.000010 0.176573 0.000010 0.823397
0.978580 0.000010 0.000010 0.000010 0.021390
0.000010 0.000010 0.000010 0.000010 0.999960
0.000010 0.000010 0.000010 0.000010 0.999960
0.062200 0.000010 0.000010 0.348739 0.589041
0.000010 0.000010 0.000010 0.000010 0.999960
0.000010 0.000010 0.999960 0.000010 0.000010
0.000010 0.000010 0.999960 0.000010 0.000010
0.000010 0.000010 0.000010 0.000010 0.999960
0.000010 0.000010 0.000010 0.000010 0.999960
0.000010 0.000010 0.000010 0.000010 0.999960
0.000010 0.000010 0.000010 0.000010 0.999960
0.000010 0.000010 0.000010 0.000010 0.999960
0.263153 0.000010 0.510273 0.226554 0.000010
0.947219 0.052751 0.000010 0.000010 0.000010
0.000010 0.000010 0.000010 0.022949 0.977021
0.311290 0.000010 0.688680 0.000010 0.000010
0.000010 0.000010 0.999960 0.000010 0.000010
0.000010 0.000010 0.285068 0.000010 0.714902
0.000010 0.000010 0.245588 0.000010 0.754382
0.000010 0.000010 0.977625 0.000010 0.022345
0.000010 0.000010 0.877806 0.000010 0.122164
0.186180 0.000010 0.777221 0.000010 0.036579
0.000010 0.000010 0.750270 0.000010 0.249700
0.454037 0.000010 0.159606 0.059566 0.326781
0.525502 0.163339 0.000010 0.000010 0.311139
0.999960 0.000010 0.000010 0.000010 0.000010
0.684432 0.000010 0.000010 0.237244 0.078304
0.000010 0.000010 0.000010 0.000010 0.999960
0.000010 0.000010 0.462928 0.000010 0.537042
0.000010 0.000010 0.000010 0.000010 0.999960
0.000010 0.000010 0.999960 0.000010 0.000010
0.000010 0.000010 0.483583 0.000010 0.516387
0.000010 0.000010 0.642685 0.000010 0.357285
0.679368 0.000010 0.320602 0.000010 0.000010
0.000010 0.000010 0.106942 0.000010 0.893028
0.668080 0.000010 0.000010 0.000010 0.331890
0.898278 0.101692 0.000010 0.000010 0.000010
0.000010 0.000010 0.918885 0.000010 0.081085
0.814735 0.000010 0.000018 0.000010 0.185226
0.000010 0.000010 0.067455 0.000010 0.932515
0.000010 0.000010 0.718981 0.000010 0.280989
0.000010 0.039011 0.000010 0.000010 0.960959
0.000010 0.000010 0.484841 0.000010 0.515129
0.514622 0.000010 0.485348 0.000010 0.000010
0.000010 0.000010 0.000010 0.000010 0.999960
0.267972 0.000010 0.332095 0.000010 0.399912
0.000010 0.000010 0.000010 0.000010 0.999960
0.000010 0.000010 0.658628 0.000010 0.341342
0.225522 0.000010 0.000010 0.000010 0.774448
0.464289 0.000010 0.002319 0.000010 0.533372
0.000010 0.000010 0.000010 0.000010 0.999960
0.000010 0.000010 0.208875 0.000010 0.791095
0.000010 0.000010 0.453404 0.000010 0.546566
0.651973 0.347997 0.000010 0.000010 0.000010
0.000010 0.000010 0.154595 0.000010 0.845375
0.000010 0.000010 0.000010 0.000010 0.999960
0.000010 0.000010 0.733384 0.000010 0.266586
0.198952 0.000010 0.584725 0.132805 0.083507
0.099478 0.000010 0.900492 0.000010 0.000010
0.560049 0.123977 0.000010 0.197591 0.118372
0.861648 0.054741 0.000010 0.000010 0.083591
0.000010 0.000010 0.178448 0.000010 0.821522
0.000010 0.000010 0.999960 0.000010 0.000010
0.183508 0.000010 0.816462 0.000010 0.000010
0.070998 0.000010 0.928972 0.000010 0.000010
0.000010 0.000010 0.883372 0.000010 0.116598
0.000010 0.000010 0.000010 0.000010 0.999960
0.000010 0.000010 0.724949 0.000010 0.275021
0.287951 0.000010 0.000010 0.000010 0.712019
0.762308 0.237662 0.000010 0.000010 0.000010
0.385720 0.591432 0.000010 0.000010 0.022828
