0.000010 0.999960 0.000010 0.000010 0.000010
0.248953 0.166209 0.584817 0.000010 0.000010
0.000010 0.328405 0.589206 0.000010 0.082369
0.000010 0.999960 0.000010 0.000010 0.000010
0.000010 0.651627 0.348343 0.000010 0.000010
0.139982 0.321894 0.538104 0.000010 0.000010
0.000010 0.000010 0.880610 0.000010 0.119360
0.000010 0.817472 0.182498 0.000010 0.000010
0.000010 0.304016 0.695954 0.000010 0.000010
0.282012 0.113323 0.490869 0.113786 0.000010
0.142678 0.857292 0.000010 0.000010 0.000010
0.319361 0.118621 0.549751 0.012257 0.000010
0.062770 0.713680 0.223530 0.000010 0.000010
0.000010 0.985826 0.014144 0.000010 0.000010
0.382366 0.092130 0.525484 0.000010 0.000010
0.000010 0.348556 0.561557 0.089867 0.000010
0.000010 0.999960 0.000010 0.000010 0.000010
0.000010 0.999960 0.000010 0.000010 0.000010
0.360227 0.165791 0.473962 0.000010 0.000010
0.041973 0.000010 0.556081 0.184537 0.217400
0.000010 0.541798 0.458172 0.000010 0.000010
0.549243 0.000010 0.450727 0.000010 0.000010
0.517979 0.000010 0.375421 0.106579 0.000010
0.000010 0.999960 0.000010 0.000010 0.000010
0.000010 0.999960 0.000010 0.000010 0.000010
0.479592 0.081848 0.438540 0.000010 0.000010
0.000010 0.000010 0.999960 0.000010 0.000010
0.000010 0.391661 0.608309 0.000010 0.000010
0.000010 0.433854 0.505134 0.000010 0.060992
0.568638 0.019679 0.323548 0.000010 0.088125
0.000010 0.470033 0.529937 0.000010 0.000010
0.000010 0.956582 0.000010 0.000010 0.043388
0.577594 0.021739 0.400647 0.000010 0.000010
0.346561 0.000010 0.653409 0.000010 0.000010
0.000010 0.000010 0.999960 0.000010 0.000010
0.039435 0.138980 0.821564 0.000010 0.000010
0.440998 0.109689 0.000010 0.149773 0.299530
0.000010 0.000010 0.085793 0.000010 0.914177
0.009143 0.499609 0.133123 0.000010 0.358114
0.000010 0.439721 0.560249 0.000010 0.000010
0.330051 0.000010 0.669919 0.000010 0.000010
0.000010 0.999960 0.000010 0.000010 0.000010
0.325677 0.000010 0.596543 0.000010 0.077760
0.094273 0.535742 0.247909 0.122066 0.000010
0.000010 0.999960 0.000010 0.000010 0.000010
0.000010 0.661549 0.338421 0.000010 0.000010
0.444691 0.000010 0.152374 0.302546 0.100379
0.000010 0.000010 0.958513 0.000010 0.041457
0.000010 0.887295 0.112675 0.000010 0.000010
0.000010 0.999960 0.000010 0.000010 0.000010
0.050577 0.399902 0.549501 0.000010 0.000010
0.000010 0.000010 0.999960 0.000010 0.000010
0.394528 0.000010 0.605442 0.000010 0.000010
0.856707 0.000010 0.143263 0.000010 0.000010
0.000010 0.212415 0.686159 0.000010 0.101406
0.123423 0.691987 0.184571 0.000010 0.000010
0.668058 0.000010 0.176322 0.000010 0.155599
0.000010 0.516102 0.385502 0.000010 0.098376
0.081091 0.023263 0.895626 0.000010 0.000010
0.470882 0.020232 0.445830 0.063046 0.000010
0.000010 0.962763 0.037207 0.000010 0.000010
0.000010 0.000010 0.862419 0.000010 0.137551
0.234605 0.283806 0.224282 0.257296 0.000010
0.000010 0.000010 0.652426 0.000010 0.347544
0.250588 0.302223 0.315975 0.000010 0.131204
0.677109 0.000010 0.322861 0.000010 0.000010
0.044990 0.760608 0.173339 0.000010 0.021053
0.774722 0.048294 0.000010 0.000010 0.176963
0.000010 0.999960 0.000010 0.000010 0.000010
0.000010 0.655379 0.344591 0.000010 0.000010
0.418020 0.000010 0.517169 0.000010 0.064790
0.613291 0.125992 0.163073 0.000010 0.097634
0.000010 0.178315 0.258571 0.165924 0.397180
0.208557 0.000010 0.661826 0.000010 0.129597
0.543102 0.000010 0.456868 0.000010 0.000010
0.747659 0.000010 0.137832 0.000010 0.114488
0.328490 0.262450 0.000010 0.000010 0.409039
0.795179 0.000010 0.000010 0.204791 0.000010
0.999960 0.000010 0.000010 0.000010 0.000010
0.686623 0.000010 0.021165 0.000010 0.292193
0.904175 0.000010 0.095795 0.000010 0.000010
0.000010 0.000010 0.000010 0.000010 0.999960
0.145992 0.357309 0.000010 0.000010 0.496678
0.706812 0.000010 0.224531 0.000010 0.068636
0.795463 0.184886 0.000010 0.000010 0.019632
0.999960 0.000010 0.000010 0.000010 0.000010
0.051231 0.025383 0.399749 0.000010 0.523628
0.657260 0.342710 0.000010 0.000010 0.000010
0.739351 0.000010 0.006195 0.000010 0.254434
0.527106 0.072011 0.400863 0.000010 0.000010
0.643441 0.088512 0.000010 0.000010 0.268027
0.626016 0.000010 0.000010 0.000010 0.373954
0.748563 0.000010 0.000010 0.000010 0.251407
0.462680 0.000010 0.537290 0.000010 0.000010
0.241800 0.367758 0.000010 0.000010 0.390422
0.874165 0.000010 0.000010 0.000010 0.125805
0.687602 0.000010 0.000010 0.000010 0.312368
0.467699 0.178561 0.195572 0.158157 0.000010
0.827376 0.000010 0.000010 0.000010 0.172594
0.271785 0.000010 0.661100 0.067096 0.000010
0.684393 0.000010 0.315577 0.000010 0.000010
0.500017 0.112228 0.005795 0.100226 0.281734
0.477854 0.000010 0.522116 0.000010 0.000010
0.465193 0.011807 0.161251 0.095090 0.266659
0.862157 0.076311 0.061512 0.000010 0.000010
0.444236 0.000010 0.138063 0.144971 0.272720
0.836729 0.000010 0.155085 0.000010 0.008166
0.631410 0.000010 0.348356 0.000010 0.020214
0.999960 0.000010 0.000010 0.000010 0.000010
0.112650 0.000010 0.000010 0.000010 0.887320
0.555127 0.000010 0.444843 0.000010 0.000010
0.614994 0.037348 0.000010 0.000010 0.347639
0.000010 0.000010 0.000010 0.000010 0.999960
0.459813 0.000010 0.386516 0.153651 0.000010
0.831318 0.000010 0.000010 0.000010 0.168652
0.348978 0.000010 0.109457 0.164813 0.376742
0.652047 0.000010 0.000010 0.000010 0.347923
0.000010 0.000010 0.653894 0.000010 0.346076
0.856765 0.000010 0.000010 0.000010 0.143205
0.571538 0.000010 0.428432 0.000010 0.000010
0.850622 0.000010 0.000010 0.000010 0.149348
0.647575 0.000010 0.000010 0.000010 0.352395
0.828425 0.000010 0.171545 0.000010 0.000010
0.906572 0.093398 0.000010 0.000010 0.000010
0.831808 0.168162 0.000010 0.000010 0.000010
0.489930 0.000010 0.034239 0.188297 0.287524
0.399955 0.000010 0.354855 0.000010 0.245170
0.823567 0.000010 0.000010 0.000010 0.176403
0.596607 0.169078 0.045097 0.000010 0.189208
0.565624 0.000010 0.023813 0.000010 0.410543
0.669377 0.000010 0.000010 0.117991 0.212611
0.293560 0.052627 0.000010 0.058324 0.595479
0.543872 0.000010 0.000010 0.000010 0.456098
0.501166 0.000010 0.000010 0.000010 0.498804
0.581313 0.000010 0.336085 0.082582 0.000010
0.000010 0.000010 0.000010 0.264518 0.735452
0.592867 0.000010 0.396994 0.000010 0.010118
0.845936 0.090484 0.000010 0.000010 0.063560
0.742252 0.000010 0.000010 0.000010 0.257718
0.999960 0.000010 0.000010 0.000010 0.000010
0.289640 0.000010 0.513042 0.000010 0.197298
0.000010 0.000010 0.000010 0.000010 0.999960
0.681827 0.051082 0.068509 0.000010 0.198572
0.790011 0.000010 0.000010 0.000010 0.209959
0.374417 0.000010 0.000010 0.145572 0.479991
0.469155 0.112111 0.418714 0.000010 0.000010
0.363382 0.207618 0.127314 0.000010 0.301676
0.999960 0.000010 0.000010 0.000010 0.000010
0.851820 0.148150 0.000010 0.000010 0.000010
0.071326 0.000010 0.821046 0.000010 0.107608
0.643544 0.354037 0.000010 0.000010 0.002398
0.297652 0.000010 0.000010 0.000010 0.702318
0.999960 0.000010 0.000010 0.000010 0.000010
0.293137 0.000010 0.000010 0.000010 0.706833
0.000010 0.000010 0.000010 0.999960 0.000010
0.000010 0.000010 0.057996 0.038228 0.903756
0.254885 0.431689 0.000010 0.000010 0.313406
0.601360 0.000010 0.053428 0.000010 0.345192
0.000010 0.999960 0.000010 0.000010 0.000010
0.816479 0.000010 0.000010 0.000010 0.183491
0.540589 0.119031 0.289515 0.000010 0.050856
0.107436 0.000010 0.000010 0.000010 0.892534
0.331866 0.000010 0.361606 0.112972 0.193546
0.585160 0.244975 0.000010 0.000010 0.169845
0.000010 0.000010 0.000010 0.999960 0.000010
0.574447 0.000010 0.421122 0.000010 0.004411
0.000010 0.000010 0.000010 0.999960 0.000010
0.874252 0.125718 0.000010 0.000010 0.000010
0.649148 0.350822 0.000010 0.000010 0.000010
0.841127 0.120224 0.000010 0.000010 0.038629
0.000010 0.044422 0.000010 0.417298 0.538260
0.735688 0.000010 0.000010 0.000010 0.264282
0.000010 0.000010 0.999960 0.000010 0.000010
0.000010 0.000010 0.003950 0.000010 0.996020
0.000010 0.000010 0.380753 0.000010 0.619217
0.000010 0.000010 0.609859 0.000010 0.390111
0.000010 0.000010 0.407404 0.000010 0.592566
0.000010 0.000010 0.707666 0.000010 0.292304
0.000010 0.000010 0.118581 0.000010 0.881389
0.908072 0.000010 0.000010 0.000010 0.091898
0.272313 0.000010 0.000010 0.000010 0.727657
0.999960 0.000010 0.000010 0.000010 0.000010
0.000010 0.000010 0.999960 0.000010 0.000010
0.000010 0.000010 0.000010 0.000010 0.999960
0.000010 0.000010 0.000010 0.000010 0.999960
0.000010 0.000010 0.000010 0.000010 0.999960
0.048113 0.000010 0.793988 0.000010 0.157879
0.000010 0.000010 0.000010 0.000010 0.999960
0.174642 0.000010 0.651961 0.000010 0.173377
0.000010 0.000010 0.203273 0.000010 0.796697
0.905865 0.000010 0.000010 0.000010 0.094105
0.000010 0.000010 0.000010 0.000010 0.999960
0.000010 0.000010 0.000010 0.000010 0.999960
0.195484 0.000010 0.000010 0.317620 0.486876
0.000010 0.000010 0.000010 0.000010 0.999960
0.000010 0.000010 0.999960 0.000010 0.000010
0.000010 0.000010 0.999960 0.000010 0.000010
0.000010 0.000010 0.000010 0.000010 0.999960
0.000010 0.000010 0.000010 0.000010 0.999960
0.000010 0.000010 0.000010 0.000010 0.999960
0.000010 0.000010 0.000010 0.000010 0.999960
0.000010 0.000010 0.000010 0.000010 0.999960
0.275656 0.000010 0.511013 0.213311 0.000010
0.947264 0.052706 0.000010 0.000010 0.000010
0.000010 0.000010 0.000010 0.000010 0.999960
0.318277 0.000010 0.681693 0.000010 0.000010
0.000010 0.000010 0.999960 0.000010 0.000010
0.000010 0.000010 0.302958 0.000010 0.697012
0.000010 0.000010 0.248306 0.000010 0.751664
0.000010 0.000010 0.994612 0.000010 0.005358
0.000010 0.000010 0.881467 0.000010 0.118503
0.179714 0.000010 0.788181 0.000010 0.032084
0.000010 0.000010 0.744588 0.000010 0.255382
0.450181 0.000010 0.187317 0.055497 0.306995
0.554205 0.157507 0.000010 0.000010 0.288268
0.999960 0.000010 0.000010 0.000010 0.000010
0.672567 0.000010 0.000010 0.219113 0.108300
0.000010 0.000010 0.005432 0.000010 0.994538
0.000010 0.000010 0.502226 0.000010 0.497744
0.000010 0.000010 0.000010 0.000010 0.999960
0.000010 0.000010 0.999960 0.000010 0.000010
0.000010 0.000010 0.498416 0.000010 0.501554
0.000010 0.000010 0.656114 0.000010 0.343856
0.668096 0.000010 0.331874 0.000010 0.000010
0.000010 0.000010 0.121968 0.000010 0.878002
0.738414 0.000010 0.000010 0.000010 0.261556
0.904380 0.095590 0.000010 0.000010 0.000010
0.000010 0.000010 0.905856 0.000010 0.094114
0.825075 0.000010 0.010424 0.000010 0.164481
0.000010 0.000010 0.106593 0.000010 0.893377
0.036878 0.000010 0.683569 0.065667 0.213876
0.000010 0.022494 0.023367 0.078446 0.875683
0.000010 0.000010 0.515070 0.000010 0.484900
0.487937 0.000010 0.512033 0.000010 0.000010
0.000010 0.000010 0.000010 0.000010 0.999960
0.262308 0.000010 0.304000 0.000010 0.433672
0.000010 0.000010 0.000010 0.000010 0.999960
0.000010 0.000010 0.675019 0.000010 0.324951
0.231775 0.000010 0.000010 0.000010 0.768195
0.487289 0.000010 0.006646 0.000010 0.506046
0.000010 0.000010 0.000010 0.000010 0.999960
0.000010 0.000010 0.246407 0.000010 0.753563
0.000010 0.000010 0.445566 0.000010 0.554404
0.643093 0.356877 0.000010 0.000010 0.000010
0.000010 0.000010 0.189062 0.000010 0.810908
0.000010 0.000010 0.025875 0.000010 0.974095
0.000010 0.000010 0.729175 0.000010 0.270795
0.183028 0.000010 0.602297 0.120111 0.094554
0.099805 0.000010 0.900165 0.000010 0.000010
0.644612 0.127057 0.044428 0.183893 0.000010
0.866925 0.061069 0.000010 0.000010 0.071986
0.000010 0.000010 0.185607 0.000010 0.814363
0.000010 0.000010 0.999960 0.000010 0.000010
0.182794 0.000010 0.817176 0.000010 0.000010
0.075599 0.000010 0.924371 0.000010 0.000010
0.000011 0.000010 0.872489 0.000010 0.127480
0.000010 0.000010 0.000010 0.000010 0.999960
0.000010 0.000010 0.738064 0.000010 0.261906
0.302119 0.000010 0.000010 0.000010 0.697851
0.759976 0.239994 0.000010 0.000010 0.000010
0.363338 0.599814 0.000010 0.000010 0.036828
