0.000010 0.999980 0.000010
0.211079 0.334709 0.454212
0.000010 0.451621 0.548369
0.000010 0.999980 0.000010
0.000010 0.624446 0.375544
0.179686 0.356269 0.464045
0.000010 0.363461 0.636529
0.000010 0.695794 0.304196
0.000643 0.487627 0.511730
0.457326 0.069258 0.473416
0.276173 0.714175 0.009652
0.288304 0.274183 0.437513
0.030332 0.738863 0.230805
0.000010 0.799810 0.200180
0.243888 0.237042 0.519070
0.036158 0.410722 0.553120
0.000010 0.999980 0.000010
0.000010 0.905372 0.094618
0.292553 0.248714 0.458734
0.450362 0.080493 0.469145
0.039506 0.537182 0.423312
0.398904 0.193212 0.407884
0.476705 0.208041 0.315255
0.208404 0.791586 0.000010
0.000010 0.999980 0.000010
0.444905 0.147514 0.407581
0.000010 0.337863 0.662127
0.000010 0.452396 0.547594
0.075354 0.468062 0.456584
0.603882 0.095002 0.301116
0.097320 0.502612 0.400067
0.033548 0.809188 0.157264
0.438122 0.226482 0.335396
0.370735 0.129424 0.499841
0.000010 0.334207 0.665783
0.079294 0.317639 0.603066
0.672363 0.267147 0.060490
0.613875 0.000010 0.386115
0.312034 0.470727 0.217239
0.000010 0.592159 0.407831
0.350771 0.122967 0.526262
0.000010 0.830522 0.169468
0.439036 0.055519 0.505445
0.263719 0.495846 0.240435
0.000010 0.999980 0.000010
0.000010 0.532199 0.467791
0.576480 0.159539 0.263981
0.000010 0.102594 0.897396
0.000010 0.833017 0.166973
0.000010 0.999980 0.000010
0.127249 0.463614 0.409137
0.099374 0.245837 0.654788
0.421872 0.067116 0.511011
0.739092 0.115454 0.145454
0.115030 0.327535 0.557436
0.091961 0.625333 0.282706
0.584959 0.098702 0.316339
0.179934 0.431114 0.388952
0.117944 0.318705 0.563351
0.419435 0.123376 0.457188
0.000010 0.739068 0.260922
0.185676 0.000010 0.814314
0.449552 0.282756 0.267692
0.112706 0.298946 0.588348
0.402776 0.366805 0.230418
0.452041 0.089978 0.457982
0.153927 0.554821 0.291253
0.547337 0.402887 0.049776
0.000010 0.822362 0.177628
0.029573 0.630999 0.339429
0.388452 0.076255 0.535293
0.712194 0.194574 0.093231
0.456499 0.247334 0.296168
0.324387 0.150798 0.524816
0.650470 0.013548 0.335982
0.725738 0.174196 0.100066
0.787853 0.212137 0.000010
0.825788 0.129846 0.044365
0.777923 0.178552 0.043525
0.846062 0.039062 0.114876
0.751995 0.087637 0.160368
0.963760 0.000010 0.036230
0.812962 0.187028 0.000010
0.567069 0.291728 0.141203
0.749162 0.250828 0.000010
0.999980 0.000010 0.000010
0.351894 0.167611 0.480495
0.542937 0.457053 0.000010
0.733865 0.099642 0.166493
0.318427 0.239226 0.442347
0.653955 0.155473 0.190572
0.797010 0.009530 0.193460
0.863608 0.061140 0.075252
0.633455 0.034049 0.332496
0.655417 0.344573 0.000010
0.913541 0.074571 0.011889
0.812500 0.098956 0.088544
0.463239 0.312984 0.223777
0.834046 0.070365 0.095590
0.518898 0.050249 0.430853
0.658379 0.007313 0.334308
0.591703 0.262076 0.146220
0.455961 0.120876 0.423163
0.597816 0.198253 0.203930
0.670251 0.204885 0.124863
0.638181 0.088239 0.273580
0.556770 0.133300 0.309930
0.447386 0.158831 0.393782
0.771891 0.197295 0.030814
0.611160 0.164108 0.224732
0.667651 0.052165 0.280184
0.734159 0.127774 0.138067
0.634905 0.000010 0.365085
0.504619 0.151607 0.343774
0.999980 0.000010 0.000010
0.486444 0.107387 0.406169
0.826045 0.068847 0.105108
0.157258 0.000010 0.842732
0.933645 0.066345 0.000010
0.373587 0.200035 0.426378
0.725585 0.274405 0.000010
0.778385 0.175001 0.046613
0.613798 0.167604 0.218598
0.661344 0.213845 0.124811
0.544938 0.373758 0.081304
0.705617 0.090601 0.203782
0.460536 0.000010 0.539454
0.802083 0.188356 0.009560
0.533591 0.261232 0.205177
0.516900 0.231445 0.251655
0.716642 0.164400 0.118958
0.759253 0.056864 0.183883
0.777662 0.187021 0.035316
0.999980 0.000010 0.000010
0.618921 0.062910 0.318169
0.504471 0.273215 0.222314
0.843554 0.000010 0.156436
0.662838 0.206105 0.131057
0.414184 0.391519 0.194297
0.619425 0.241602 0.138973
0.300797 0.163148 0.536054
0.723382 0.142080 0.134538
0.640742 0.233371 0.125887
0.546491 0.279269 0.174240
0.674654 0.198574 0.126772
0.350544 0.230405 0.419051
0.559800 0.182122 0.258077
0.915591 0.084399 0.000010
0.718085 0.281905 0.000010
0.147432 0.227948 0.624619
0.676718 0.260168 0.063114
0.697816 0.136788 0.165396
0.999980 0.000010 0.000010
0.697822 0.136535 0.165643
0.999980 0.000010 0.000010
0.355222 0.160038 0.484740
0.543259 0.456731 0.000010
0.779872 0.005130 0.214998
0.000010 0.929874 0.070116
0.634876 0.091357 0.273767
0.618032 0.114894 0.267074
0.879017 0.062119 0.058864
0.478147 0.056591 0.465262
0.582027 0.292259 0.125714
0.999980 0.000010 0.000010
0.587984 0.025570 0.386446
0.999980 0.000010 0.000010
0.598916 0.326227 0.074857
0.410897 0.573084 0.016019
0.749280 0.250710 0.000010
0.499172 0.254636 0.246192
0.631379 0.283955 0.084667
0.000010 0.000010 0.999980
0.408677 0.016070 0.575253
0.387869 0.000010 0.612121
0.148653 0.000010 0.851337
0.230090 0.132163 0.637747
0.138633 0.166119 0.695248
0.368617 0.071435 0.559948
0.999980 0.000010 0.000010
0.848453 0.050451 0.101095
0.781012 0.218978 0.000010
0.000010 0.000010 0.999980
0.589024 0.058802 0.352173
0.790228 0.094795 0.114977
0.377918 0.089865 0.532216
0.162694 0.170533 0.666773
0.593833 0.118982 0.287185
0.355384 0.107102 0.537514
0.308232 0.162652 0.529116
0.999980 0.000010 0.000010
0.618034 0.000010 0.381956
0.848291 0.054289 0.097420
0.678871 0.192101 0.129028
0.912405 0.000010 0.087585
0.000010 0.000010 0.999980
0.000010 0.000010 0.999980
0.788204 0.085800 0.125996
0.764328 0.202170 0.033502
0.719738 0.052300 0.227963
0.495712 0.036409 0.467879
0.389875 0.049483 0.560642
0.198113 0.177433 0.624455
0.762416 0.237574 0.000010
0.775494 0.089697 0.134809
0.320991 0.175964 0.503045
0.000010 0.000010 0.999980
0.515846 0.000010 0.484144
0.098899 0.274982 0.626120
0.000010 0.000010 0.999980
0.190641 0.061811 0.747548
0.269317 0.127392 0.603291
0.010202 0.119893 0.869905
0.337862 0.178735 0.483403
0.600880 0.289415 0.109706
0.688090 0.271217 0.040693
0.735996 0.191193 0.072811
0.421698 0.040403 0.537899
0.272632 0.000010 0.727358
0.609198 0.000010 0.390792
0.087088 0.246408 0.666504
0.222992 0.000010 0.776998
0.117103 0.134874 0.748023
0.573431 0.046901 0.379667
0.366056 0.081073 0.552871
0.836298 0.015971 0.147731
0.877902 0.122088 0.000010
0.051032 0.241847 0.707121
0.746551 0.142448 0.111000
0.366746 0.078874 0.554380
0.303061 0.000010 0.696929
0.708532 0.099255 0.192213
0.162621 0.068113 0.769266
0.419237 0.000010 0.580753
0.725985 0.000010 0.274005
0.400667 0.273543 0.325789
0.715608 0.000010 0.284382
0.229701 0.000010 0.770289
0.708876 0.151453 0.139671
0.675500 0.144926 0.179575
0.674620 0.000010 0.325370
0.403394 0.000010 0.596596
0.189391 0.063714 0.746895
0.409259 0.573619 0.017122
0.562716 0.000010 0.437274
0.353179 0.180163 0.466658
0.014680 0.165752 0.819569
0.248566 0.246956 0.504479
0.255446 0.079022 0.665532
0.673783 0.178524 0.147693
0.569552 0.352607 0.077842
0.286639 0.237745 0.475616
0.000010 0.000010 0.999980
0.040075 0.206413 0.753512
0.240509 0.216141 0.543350
0.000010 0.000010 0.999980
0.703727 0.052979 0.243294
0.094952 0.000010 0.905038
0.908031 0.000010 0.091959
0.544669 0.455321 0.000010
0.257611 0.632753 0.109636
