0.000010 0.000010 0.000010 0.000010 0.412068 0.587862 0.000010 0.000010 0.000010
0.000010 0.801853 0.000010 0.031309 0.166779 0.000010 0.000010 0.000010 0.000010
0.000010 0.000010 0.000010 0.229430 0.194329 0.033479 0.000010 0.005546 0.537176
0.000010 0.000010 0.000010 0.000010 0.999920 0.000010 0.000010 0.000010 0.000010
0.000010 0.000010 0.000010 0.399345 0.111111 0.489484 0.000010 0.000010 0.000010
0.000010 0.322857 0.000010 0.359082 0.000010 0.318001 0.000010 0.000010 0.000010
0.000010 0.000010 0.047238 0.356672 0.000010 0.000010 0.000010 0.009898 0.586143
0.000010 0.000010 0.000010 0.146622 0.853308 0.000010 0.000010 0.000010 0.000010
0.000010 0.000010 0.000010 0.000010 0.000010 0.000010 0.000010 0.000010 0.999920
0.025850 0.770341 0.000010 0.026855 0.108848 0.000010 0.000010 0.068065 0.000010
0.000010 0.000010 0.000010 0.000010 0.999920 0.000010 0.000010 0.000010 0.000010
0.000010 0.686875 0.000010 0.015258 0.063303 0.045555 0.006618 0.000010 0.182362
0.000010 0.228290 0.000010 0.072141 0.225565 0.473954 0.000010 0.000010 0.000010
0.000010 0.000010 0.000010 0.011197 0.881921 0.106822 0.000010 0.000010 0.000010
0.000010 0.907342 0.000010 0.000010 0.092588 0.000010 0.000010 0.000010 0.000010
0.000010 0.149647 0.000010 0.376887 0.000010 0.365134 0.000010 0.000010 0.108282
0.000010 0.000010 0.000010 0.000010 0.000010 0.999920 0.000010 0.000010 0.000010
0.000010 0.000010 0.000010 0.000010 0.999920 0.000010 0.000010 0.000010 0.000010
0.000010 0.671508 0.000010 0.117805 0.150492 0.040608 0.019548 0.000010 0.000010
0.177180 0.230917 0.000010 0.207249 0.000010 0.000010 0.000010 0.147413 0.237200
0.000010 0.000010 0.000010 0.000010 0.494521 0.000010 0.000010 0.000010 0.505409
0.000010 0.968062 0.000010 0.031868 0.000010 0.000010 0.000010 0.000010 0.000010
0.000010 0.857002 0.000010 0.008686 0.000010 0.000010 0.000010 0.134252 0.000010
0.000010 0.000010 0.000010 0.000010 0.999920 0.000010 0.000010 0.000010 0.000010
0.000010 0.000010 0.000017 0.000018 0.574225 0.425690 0.000010 0.000010 0.000010
0.000010 0.742616 0.000010 0.115087 0.094137 0.000010 0.021279 0.026841 0.000010
0.000010 0.000010 0.000010 0.000010 0.000010 0.000015 0.000010 0.000010 0.999915
0.000010 0.000010 0.000010 0.000010 0.255081 0.000010 0.000010 0.000010 0.744849
0.000010 0.000010 0.000010 0.056591 0.265574 0.030546 0.000010 0.070361 0.576889
0.000010 0.720267 0.108200 0.000010 0.000010 0.000010 0.000010 0.171473 0.000010
0.000010 0.000010 0.000010 0.003173 0.321215 0.000010 0.000010 0.000010 0.675552
0.000010 0.000010 0.000010 0.000010 0.999920 0.000010 0.000010 0.000010 0.000010
0.000010 0.699160 0.154497 0.015601 0.096488 0.000010 0.034214 0.000010 0.000010
0.000010 0.999920 0.000010 0.000010 0.000010 0.000010 0.000010 0.000010 0.000010
0.000010 0.000010 0.000010 0.000010 0.000010 0.000011 0.000010 0.000010 0.999919
0.000010 0.263260 0.000010 0.065833 0.000010 0.000010 0.000010 0.000010 0.670847
0.161916 0.042477 0.068965 0.015894 0.024904 0.054507 0.372812 0.243796 0.014728
0.000010 0.000010 0.000010 0.392223 0.000010 0.000010 0.000010 0.607707 0.000010
0.000010 0.011054 0.000010 0.057137 0.388635 0.023995 0.107305 0.265667 0.146188
0.000010 0.023928 0.000010 0.254895 0.000010 0.370430 0.000010 0.000010 0.350697
0.000010 0.974359 0.000010 0.025571 0.000010 0.000010 0.000010 0.000010 0.000010
0.000010 0.000010 0.000010 0.000010 0.999920 0.000010 0.000010 0.000010 0.000010
0.000010 0.612028 0.000010 0.253005 0.000010 0.000010 0.069604 0.065313 0.000010
0.114527 0.239854 0.008422 0.000010 0.285365 0.209945 0.000010 0.000010 0.141855
0.000010 0.000010 0.000010 0.000010 0.000010 0.999920 0.000010 0.000010 0.000010
0.000010 0.000010 0.000010 0.073357 0.539265 0.088093 0.000010 0.000010 0.299234
0.089112 0.000010 0.422749 0.170335 0.000010 0.317754 0.000010 0.000010 0.000010
0.000010 0.000010 0.000010 0.894792 0.000010 0.000010 0.000010 0.000010 0.105138
0.000010 0.000010 0.000010 0.180486 0.411153 0.408301 0.000010 0.000010 0.000010
0.000010 0.000010 0.000010 0.000010 0.000010 0.999920 0.000010 0.000010 0.000010
0.000010 0.000010 0.000010 0.000010 0.159801 0.000010 0.002738 0.000010 0.837401
0.000010 0.000010 0.000010 0.000010 0.000010 0.000010 0.000010 0.000010 0.999920
0.000010 0.769809 0.000010 0.230121 0.000010 0.000010 0.000010 0.000010 0.000010
0.000010 0.255735 0.238438 0.051534 0.017628 0.000010 0.436624 0.000010 0.000010
0.000010 0.000010 0.000010 0.242556 0.023413 0.000010 0.000010 0.100057 0.633924
0.000010 0.235380 0.000010 0.018159 0.746401 0.000010 0.000010 0.000010 0.000010
0.000010 0.116693 0.257993 0.203089 0.000010 0.000010 0.358465 0.063720 0.000010
0.000010 0.105101 0.000010 0.055016 0.381312 0.020861 0.000010 0.094470 0.343209
0.000010 0.000010 0.000010 0.101392 0.000010 0.000010 0.000010 0.000010 0.898538
0.000010 0.999920 0.000010 0.000010 0.000010 0.000010 0.000010 0.000010 0.000010
0.000010 0.000010 0.000010 0.021663 0.978267 0.000010 0.000010 0.000010 0.000010
0.000010 0.244461 0.000010 0.755469 0.000010 0.000010 0.000010 0.000010 0.000010
0.278866 0.244273 0.000010 0.067246 0.281300 0.000010 0.000010 0.068267 0.060019
0.000010 0.000010 0.000010 0.405786 0.000010 0.000010 0.000010 0.205605 0.388549
0.000010 0.000010 0.000010 0.000010 0.162552 0.000010 0.420066 0.005049 0.412282
0.000010 0.913991 0.000010 0.029184 0.043337 0.000010 0.013438 0.000010 0.000010
0.000010 0.108145 0.000010 0.170477 0.255317 0.466011 0.000010 0.000010 0.000010
0.000010 0.000010 0.130132 0.084378 0.032043 0.000010 0.659033 0.094373 0.000010
0.000010 0.000010 0.000010 0.000010 0.999920 0.000010 0.000010 0.000010 0.000010
0.000010 0.000010 0.000010 0.049996 0.370281 0.259213 0.000010 0.000010 0.320460
0.000010 0.487340 0.109066 0.290406 0.000010 0.000010 0.017473 0.095675 0.000010
0.000010 0.452569 0.045961 0.000010 0.114242 0.000010 0.149576 0.157475 0.080147
0.000010 0.000010 0.000010 0.000010 0.000010 0.214119 0.000010 0.381796 0.404025
0.000010 0.410145 0.000010 0.145644 0.000010 0.000010 0.000010 0.167771 0.276390
0.000010 0.679477 0.000010 0.065146 0.000010 0.000010 0.255317 0.000010 0.000010
0.000010 0.000010 0.876611 0.034920 0.000010 0.000010 0.000010 0.000010 0.088409
0.000010 0.104879 0.000010 0.000010 0.277996 0.000010 0.122110 0.494965 0.000010
0.000010 0.000010 0.283329 0.000010 0.000010 0.223143 0.493468 0.000010 0.000010
0.000010 0.061171 0.795089 0.000010 0.000010 0.000010 0.143680 0.000010 0.000010
0.000010 0.117511 0.622820 0.079369 0.000010 0.000010 0.000010 0.180250 0.000010
0.000010 0.517571 0.230540 0.000010 0.000010 0.000010 0.251829 0.000010 0.000010
0.000010 0.000010 0.056758 0.000010 0.000010 0.000010 0.000010 0.943172 0.000010
0.000010 0.000010 0.000010 0.000010 0.373103 0.000010 0.000010 0.626827 0.000010
0.000010 0.231109 0.203292 0.023831 0.000010 0.000010 0.454922 0.043327 0.043489
0.000010 0.000010 0.660397 0.003169 0.203594 0.000010 0.132789 0.000010 0.000010
0.000010 0.000010 0.999920 0.000010 0.000010 0.000010 0.000010 0.000010 0.000010
0.000010 0.000010 0.000010 0.329041 0.000010 0.000010 0.404041 0.107659 0.159209
0.000010 0.000010 0.000010 0.000010 0.292920 0.000010 0.707010 0.000010 0.000010
0.000010 0.293243 0.517395 0.033582 0.000010 0.000010 0.024863 0.130876 0.000010
0.000010 0.905933 0.000010 0.000010 0.093997 0.000010 0.000010 0.000010 0.000010
0.000010 0.069492 0.000010 0.144922 0.095256 0.000010 0.500048 0.190242 0.000010
0.000010 0.000010 0.813295 0.021168 0.000010 0.000010 0.000010 0.165477 0.000010
0.000010 0.000010 0.897470 0.102460 0.000010 0.000010 0.000010 0.000010 0.000010
0.000010 0.853816 0.146114 0.000010 0.000010 0.000010 0.000010 0.000010 0.000010
0.000010 0.066964 0.000010 0.000010 0.390196 0.000010 0.049476 0.493315 0.000010
0.000010 0.000010 0.999920 0.000010 0.000010 0.000010 0.000010 0.000010 0.000010
0.000010 0.000010 0.000010 0.044278 0.000010 0.000010 0.751389 0.204273 0.000010
0.192356 0.092493 0.047471 0.046974 0.125894 0.000010 0.300896 0.065097 0.128810
0.000010 0.000010 0.999920 0.000010 0.000010 0.000010 0.000010 0.000010 0.000010
0.000010 0.999920 0.000010 0.000010 0.000010 0.000010 0.000010 0.000010 0.000010
0.000010 0.584789 0.000010 0.071548 0.000010 0.000010 0.343603 0.000010 0.000010
0.000010 0.077780 0.184387 0.080838 0.000010 0.175331 0.333459 0.148175 0.000010
0.000010 0.117791 0.175638 0.292462 0.000010 0.000010 0.305597 0.000010 0.108472
0.125909 0.016054 0.433908 0.038957 0.000010 0.033463 0.000010 0.247270 0.104420
0.000010 0.000010 0.999920 0.000010 0.000010 0.000010 0.000010 0.000010 0.000010
0.172907 0.166532 0.000010 0.239176 0.000010 0.000010 0.301778 0.119567 0.000010
0.000010 0.495952 0.198858 0.094665 0.000010 0.000010 0.168908 0.041576 0.000010
0.000010 0.700164 0.089381 0.119051 0.000010 0.000010 0.000010 0.091354 0.000010
0.000010 0.000010 0.000010 0.000010 0.000010 0.000010 0.999920 0.000010 0.000010
0.000010 0.000010 0.000010 0.156943 0.000010 0.000010 0.094652 0.748345 0.000010
0.000010 0.367202 0.220450 0.000010 0.000010 0.000010 0.131284 0.005627 0.275398
0.000010 0.000010 0.581651 0.115628 0.028692 0.000010 0.000010 0.273980 0.000010
0.000010 0.000010 0.000010 0.228279 0.000010 0.000010 0.000010 0.771651 0.000010
0.170862 0.440110 0.077443 0.157068 0.000010 0.000010 0.124192 0.000010 0.030294
0.000010 0.000010 0.996811 0.000010 0.000010 0.000010 0.000010 0.003119 0.000010
0.167196 0.301392 0.000010 0.220249 0.000010 0.000010 0.077179 0.233943 0.000010
0.000011 0.000010 0.000010 0.059112 0.000010 0.000010 0.686411 0.254416 0.000010
0.000010 0.185933 0.000010 0.774044 0.000010 0.000010 0.000010 0.039962 0.000010
0.000010 0.000010 0.602796 0.000010 0.000010 0.000010 0.309543 0.087601 0.000010
0.000010 0.931865 0.000010 0.000010 0.068065 0.000010 0.000010 0.000010 0.000010
0.000010 0.000010 0.000010 0.000010 0.000010 0.000010 0.999920 0.000010 0.000010
0.000010 0.000010 0.434552 0.000010 0.000010 0.000010 0.278970 0.286418 0.000010
0.000010 0.451258 0.531606 0.017076 0.000010 0.000010 0.000010 0.000010 0.000010
0.000010 0.000010 0.889695 0.000010 0.110235 0.000010 0.000010 0.000010 0.000010
0.000010 0.000010 0.767347 0.000010 0.232583 0.000010 0.000010 0.000010 0.000010
0.212773 0.114403 0.000010 0.134612 0.000010 0.000010 0.264608 0.273563 0.000010
0.000010 0.464007 0.060046 0.352491 0.000010 0.000010 0.000010 0.123407 0.000010
0.000010 0.000010 0.831957 0.017128 0.000010 0.000010 0.000010 0.150855 0.000010
0.000010 0.135068 0.000010 0.089834 0.174257 0.000010 0.460926 0.139875 0.000010
0.000010 0.000010 0.203299 0.366030 0.000010 0.000010 0.340585 0.090036 0.000010
0.182941 0.072460 0.544730 0.000010 0.000010 0.000010 0.000010 0.199819 0.000010
0.027051 0.000010 0.235090 0.025604 0.013405 0.000010 0.142754 0.551018 0.005059
0.000010 0.000010 0.108759 0.050953 0.000010 0.000010 0.417906 0.422332 0.000010
0.000010 0.000010 0.586386 0.000010 0.000010 0.000010 0.000010 0.413544 0.000010
0.000010 0.516210 0.474034 0.000010 0.000010 0.000010 0.009696 0.000010 0.000010
0.267678 0.000010 0.000010 0.063043 0.000010 0.000010 0.000010 0.669219 0.000010
0.000010 0.000010 0.708428 0.000010 0.000010 0.000010 0.000010 0.000010 0.291502
0.000010 0.121536 0.000010 0.000010 0.077113 0.000010 0.650960 0.150341 0.000010
0.000010 0.000010 0.000010 0.199436 0.000010 0.000010 0.800494 0.000010 0.000010
0.000010 0.000010 0.144316 0.151369 0.000010 0.000010 0.704255 0.000010 0.000010
0.000010 0.000010 0.000010 0.639322 0.000010 0.000010 0.261170 0.099448 0.000010
0.000010 0.000010 0.000010 0.000010 0.000010 0.000010 0.000010 0.999920 0.000010
0.000010 0.308022 0.000010 0.000010 0.057358 0.000010 0.463499 0.171071 0.000010
0.000010 0.000010 0.697499 0.085899 0.000010 0.000010 0.073845 0.142706 0.000010
0.162564 0.010981 0.324723 0.044293 0.000010 0.000010 0.120095 0.337314 0.000010
0.000010 0.434586 0.331240 0.112320 0.121804 0.000010 0.000010 0.000010 0.000010
0.000010 0.151925 0.205894 0.031557 0.118132 0.000010 0.003887 0.437747 0.050838
0.000010 0.000010 0.000014 0.000010 0.000010 0.000010 0.999916 0.000010 0.000010
0.000010 0.000010 0.000010 0.000010 0.000010 0.000010 0.999920 0.000010 0.000010
0.000010 0.000010 0.173840 0.390688 0.000010 0.000010 0.000010 0.000010 0.435412
0.000010 0.217051 0.275305 0.000010 0.386268 0.000010 0.023576 0.097760 0.000010
0.000010 0.000010 0.393759 0.000010 0.000010 0.000010 0.000010 0.606171 0.000010
0.000010 0.000010 0.999920 0.000010 0.000010 0.000010 0.000010 0.000010 0.000010
0.000010 0.000010 0.391787 0.000010 0.000010 0.000010 0.000010 0.608143 0.000010
0.999920 0.000010 0.000010 0.000010 0.000010 0.000010 0.000010 0.000010 0.000010
0.058901 0.000010 0.000010 0.401402 0.000010 0.000010 0.000010 0.539638 0.000010
0.000010 0.000010 0.400011 0.000010 0.224737 0.201317 0.000010 0.173885 0.000010
0.000010 0.330313 0.277785 0.077327 0.000010 0.000010 0.000010 0.314525 0.000010
0.000010 0.000010 0.000010 0.000010 0.999920 0.000010 0.000010 0.000010 0.000010
0.000010 0.126549 0.062703 0.114531 0.000010 0.000010 0.541310 0.154867 0.000010
0.000010 0.559769 0.019481 0.000010 0.186798 0.000010 0.000010 0.233902 0.000010
0.000010 0.000010 0.179716 0.145106 0.000010 0.000010 0.047459 0.627669 0.000010
0.134674 0.073350 0.270346 0.429028 0.000010 0.000010 0.085515 0.007058 0.000010
0.000010 0.319162 0.000010 0.000010 0.168678 0.067570 0.236559 0.207991 0.000010
0.999908 0.000010 0.000017 0.000010 0.000010 0.000014 0.000010 0.000010 0.000010
0.000010 0.738389 0.000010 0.041852 0.000010 0.000010 0.176101 0.043608 0.000010
0.999899 0.000014 0.000018 0.000010 0.000010 0.000010 0.000018 0.000011 0.000010
0.000010 0.000010 0.750975 0.000010 0.103111 0.000010 0.145854 0.000010 0.000010
0.000010 0.000010 0.000010 0.000010 0.300701 0.000010 0.699229 0.000010 0.000010
0.000010 0.000010 0.231292 0.000010 0.000010 0.068792 0.664002 0.035864 0.000010
0.415227 0.000010 0.000010 0.000010 0.000010 0.035896 0.000010 0.446202 0.102625
0.046910 0.000010 0.039877 0.052643 0.000010 0.000010 0.669693 0.190837 0.000010
0.000010 0.000010 0.000010 0.999920 0.000010 0.000010 0.000010 0.000010 0.000010
0.000010 0.000010 0.000010 0.553152 0.000010 0.000010 0.000010 0.446778 0.000010
0.000010 0.030900 0.023565 0.677738 0.000010 0.000010 0.000010 0.267746 0.000010
0.000010 0.000010 0.000010 0.895817 0.000010 0.000010 0.000010 0.104113 0.000010
0.000010 0.000010 0.000010 0.653737 0.000010 0.025318 0.000010 0.239506 0.081389
0.000010 0.048397 0.000010 0.563964 0.000010 0.000010 0.000010 0.154406 0.233183
0.000010 0.000010 0.000010 0.441476 0.000010 0.000010 0.000010 0.558454 0.000010
0.000010 0.000010 0.282269 0.000010 0.000010 0.000010 0.613401 0.104270 0.000010
0.000010 0.000010 0.176937 0.051281 0.000010 0.000010 0.147789 0.623943 0.000010
0.000010 0.000010 0.000010 0.000010 0.000010 0.000010 0.999920 0.000010 0.000010
0.000010 0.000010 0.000010 0.999920 0.000010 0.000010 0.000010 0.000010 0.000010
0.000010 0.000010 0.000010 0.251009 0.000010 0.000010 0.000010 0.748921 0.000010
0.000010 0.000010 0.000010 0.000010 0.000010 0.000010 0.000010 0.999920 0.000010
0.000010 0.000010 0.000010 0.549510 0.000010 0.000010 0.000010 0.450420 0.000010
0.000010 0.215295 0.000010 0.397424 0.000010 0.000010 0.000010 0.074963 0.312268
0.000010 0.000010 0.000010 0.180298 0.000010 0.000010 0.000010 0.819632 0.000010
0.000010 0.073137 0.228236 0.483758 0.000010 0.000010 0.000010 0.043624 0.171204
0.000010 0.000010 0.012351 0.584709 0.000010 0.000010 0.000010 0.402880 0.000010
0.000010 0.000010 0.999920 0.000010 0.000010 0.000010 0.000010 0.000010 0.000010
0.000010 0.000010 0.000010 0.446061 0.000010 0.000010 0.000010 0.553869 0.000010
0.000010 0.000010 0.000010 0.000010 0.000010 0.000010 0.000010 0.999920 0.000010
0.336076 0.143204 0.000010 0.000010 0.000010 0.000010 0.000010 0.520659 0.000010
0.000010 0.000010 0.000010 0.000010 0.000010 0.000010 0.000010 0.999920 0.000010
0.000010 0.000010 0.000010 0.999920 0.000010 0.000010 0.000010 0.000010 0.000010
0.000010 0.000010 0.000010 0.999920 0.000010 0.000010 0.000010 0.000010 0.000010
0.000010 0.000010 0.000010 0.108384 0.000010 0.000010 0.000010 0.891546 0.000010
0.000010 0.000010 0.088084 0.000010 0.000010 0.000010 0.000010 0.911846 0.000010
0.000011 0.000010 0.000010 0.152294 0.000010 0.000010 0.000010 0.847634 0.000010
0.000010 0.000010 0.000010 0.403496 0.000010 0.000010 0.000010 0.596434 0.000010
0.000011 0.000010 0.000010 0.453042 0.000010 0.000010 0.000010 0.546886 0.000010
0.000010 0.000010 0.000010 0.235346 0.062172 0.000010 0.562785 0.000010 0.139647
0.000010 0.000010 0.999920 0.000010 0.000010 0.000010 0.000010 0.000010 0.000010
0.000010 0.000010 0.000010 0.000010 0.000010 0.000010 0.000010 0.999920 0.000010
0.000010 0.000010 0.152119 0.132668 0.000010 0.000010 0.219120 0.000010 0.496042
0.000010 0.000010 0.000010 0.999919 0.000010 0.000010 0.000010 0.000011 0.000010
0.000010 0.000010 0.000010 0.581075 0.000010 0.000010 0.000010 0.418855 0.000010
0.000012 0.000010 0.000010 0.598177 0.000010 0.000010 0.000010 0.401751 0.000010
0.000010 0.000010 0.000010 0.999920 0.000010 0.000010 0.000010 0.000010 0.000010
0.000010 0.449448 0.000010 0.550482 0.000010 0.000010 0.000010 0.000010 0.000010
0.000010 0.381259 0.000010 0.251461 0.000010 0.000010 0.000010 0.012751 0.354479
0.000010 0.000010 0.093844 0.906086 0.000010 0.000010 0.000010 0.000010 0.000010
0.101336 0.061573 0.097568 0.414099 0.000010 0.004861 0.251280 0.069263 0.000010
0.000010 0.000010 0.437475 0.075160 0.153925 0.000010 0.129716 0.203684 0.000010
0.000010 0.000010 0.000010 0.011399 0.000010 0.000010 0.988531 0.000010 0.000010
0.000010 0.000010 0.035944 0.015783 0.000010 0.255850 0.600781 0.091602 0.000010
0.000010 0.000010 0.000010 0.461462 0.000010 0.000011 0.000010 0.538467 0.000010
0.000010 0.000010 0.000010 0.732573 0.000010 0.000010 0.000010 0.267357 0.000010
0.000010 0.000010 0.000010 0.394224 0.000010 0.000010 0.000010 0.605706 0.000010
0.000010 0.207440 0.000010 0.305765 0.000010 0.000010 0.000010 0.000010 0.486735
0.000010 0.000010 0.000010 0.787095 0.000010 0.000010 0.000010 0.212835 0.000010
0.000010 0.047354 0.000010 0.732686 0.000010 0.000010 0.074757 0.145153 0.000010
0.000010 0.904452 0.095478 0.000010 0.000010 0.000010 0.000010 0.000010 0.000010
0.000010 0.000010 0.000010 0.507039 0.000010 0.000010 0.000010 0.492891 0.000010
0.000010 0.555220 0.000010 0.000010 0.000010 0.000010 0.184584 0.260135 0.000010
0.000010 0.000010 0.000010 0.000010 0.000010 0.000010 0.999920 0.000010 0.000010
0.000010 0.000010 0.012131 0.516594 0.000010 0.000010 0.000010 0.009450 0.461775
0.000010 0.107314 0.181288 0.073878 0.000010 0.000010 0.542660 0.094819 0.000010
0.000010 0.000010 0.000010 0.538855 0.000010 0.000010 0.000010 0.461075 0.000010
0.000010 0.457842 0.000010 0.481039 0.000010 0.000010 0.000010 0.061059 0.000010
0.000010 0.000010 0.000010 0.000010 0.000010 0.000010 0.000010 0.928223 0.071707
0.000010 0.000010 0.000010 0.798983 0.000010 0.000010 0.000010 0.200947 0.000010
0.000019 0.792490 0.000010 0.207431 0.000010 0.000010 0.000010 0.000010 0.000010
0.044552 0.000010 0.000010 0.221181 0.000010 0.000010 0.000010 0.734207 0.000010
0.000010 0.000010 0.061275 0.353994 0.000010 0.000010 0.260022 0.302744 0.021925
0.000010 0.000010 0.000010 0.288639 0.000010 0.000010 0.000010 0.711291 0.000010
0.000010 0.432804 0.000010 0.567126 0.000010 0.000010 0.000010 0.000010 0.000010
0.000010 0.000010 0.000010 0.252388 0.000010 0.000010 0.194600 0.552952 0.000010
0.000010 0.000010 0.454026 0.038895 0.000010 0.000010 0.000010 0.474234 0.032796
0.000010 0.000010 0.020905 0.324958 0.000010 0.000010 0.000010 0.654077 0.000010
0.000010 0.000010 0.000010 0.604443 0.000010 0.000010 0.000010 0.395487 0.000010
0.000010 0.000010 0.000010 0.692697 0.000010 0.000010 0.000010 0.307233 0.000010
0.000010 0.000010 0.000010 0.000010 0.305215 0.000010 0.694715 0.000010 0.000010
0.000010 0.000010 0.000010 0.469281 0.000010 0.000010 0.000010 0.530649 0.000010
0.000010 0.000010 0.000010 0.461334 0.000010 0.000010 0.000010 0.538596 0.000010
0.000010 0.000010 0.000010 0.774151 0.000010 0.000010 0.000010 0.108753 0.117036
0.000010 0.519674 0.000010 0.218899 0.000010 0.206123 0.000010 0.041631 0.013632
0.000010 0.586501 0.000010 0.413429 0.000010 0.000010 0.000010 0.000010 0.000010
0.206090 0.331707 0.000010 0.000010 0.147241 0.000010 0.314912 0.000010 0.000010
0.000010 0.000010 0.000010 0.157716 0.000010 0.000010 0.842214 0.000010 0.000010
0.000010 0.000010 0.000010 0.507013 0.000010 0.000010 0.000010 0.492917 0.000010
0.000010 0.000010 0.000010 0.832819 0.000010 0.000010 0.000010 0.000010 0.167111
0.000010 0.000010 0.000010 0.556603 0.000010 0.000010 0.226851 0.000010 0.216486
0.000010 0.308101 0.000010 0.105348 0.000010 0.000010 0.000010 0.000010 0.586491
0.000010 0.000010 0.000010 0.999920 0.000010 0.000010 0.000010 0.000010 0.000010
0.000010 0.000010 0.000010 0.268449 0.000010 0.000010 0.000010 0.731481 0.000010
0.000010 0.000010 0.000010 0.999920 0.000010 0.000010 0.000010 0.000010 0.000010
0.000010 0.000010 0.722509 0.000010 0.000010 0.000010 0.000010 0.277421 0.000010
0.000010 0.000010 0.115873 0.000010 0.229409 0.000010 0.654658 0.000010 0.000010
0.000010 0.000010 0.000010 0.000010 0.535294 0.000010 0.464636 0.000010 0.000010
