0.000010 0.000010 0.000010 0.000010 0.510654 0.489276 0.000010 0.000010 0.000010
0.000010 0.478180 0.000010 0.106393 0.195977 0.064070 0.000010 0.013284 0.142067
0.057771 0.089917 0.000010 0.154337 0.237836 0.075659 0.000010 0.017755 0.366704
0.000010 0.040754 0.000010 0.000010 0.826108 0.133078 0.000010 0.000010 0.000010
0.357011 0.069849 0.000010 0.000010 0.289181 0.198907 0.000010 0.000010 0.085011
0.323688 0.229761 0.000010 0.004847 0.050417 0.126719 0.121610 0.000010 0.142938
0.487589 0.000010 0.068792 0.000010 0.124560 0.033446 0.000010 0.000010 0.285573
0.049003 0.000010 0.000010 0.038197 0.695478 0.037680 0.000010 0.000010 0.179602
0.056109 0.000010 0.008103 0.070734 0.243552 0.003295 0.000010 0.122665 0.495521
0.223220 0.363390 0.087621 0.052256 0.000010 0.033558 0.123648 0.027263 0.089033
0.000010 0.000010 0.000010 0.000010 0.950588 0.000010 0.049342 0.000010 0.000010
0.119940 0.402254 0.021760 0.058491 0.115104 0.033054 0.042816 0.000010 0.206570
0.117035 0.237331 0.000010 0.000010 0.230425 0.378939 0.000010 0.000010 0.036229
0.000010 0.051074 0.000010 0.051261 0.624867 0.160744 0.000010 0.000010 0.112014
0.146718 0.600056 0.000010 0.056948 0.058687 0.069463 0.000010 0.000010 0.068099
0.283705 0.104558 0.000010 0.113785 0.141102 0.119174 0.059825 0.000010 0.177831
0.000010 0.000010 0.000010 0.000010 0.000010 0.999920 0.000010 0.000010 0.000010
0.000010 0.000010 0.000010 0.034460 0.881610 0.083870 0.000010 0.000010 0.000010
0.056938 0.488184 0.035522 0.078229 0.087053 0.032061 0.000010 0.028492 0.193510
0.396971 0.172496 0.188997 0.000010 0.000011 0.000010 0.038902 0.099530 0.103073
0.086813 0.000010 0.000010 0.012300 0.542364 0.000010 0.009914 0.000010 0.348570
0.234838 0.498862 0.008734 0.000010 0.108770 0.000010 0.076483 0.000010 0.072283
0.217882 0.393057 0.013457 0.000010 0.133334 0.000010 0.000010 0.191220 0.051019
0.000010 0.000010 0.085979 0.000010 0.856797 0.000010 0.057164 0.000010 0.000010
0.000010 0.000010 0.030099 0.000010 0.504909 0.464932 0.000010 0.000010 0.000010
0.000010 0.462521 0.037436 0.100262 0.068061 0.000010 0.075061 0.000010 0.256630
0.000010 0.000010 0.000010 0.000010 0.000010 0.000010 0.000010 0.000010 0.999920
0.142375 0.000010 0.035234 0.000010 0.323322 0.000010 0.000010 0.000010 0.499019
0.139337 0.065842 0.013583 0.050363 0.299152 0.054824 0.018289 0.033401 0.325209
0.000010 0.371944 0.089976 0.006524 0.000010 0.008724 0.011977 0.259727 0.251108
0.166154 0.000010 0.009703 0.000010 0.370849 0.020399 0.120077 0.000010 0.312788
0.000010 0.000010 0.048662 0.000010 0.881733 0.001908 0.000010 0.000010 0.067647
0.169130 0.416836 0.007972 0.000010 0.037587 0.010289 0.180620 0.000010 0.177545
0.000010 0.729248 0.058375 0.013493 0.000010 0.004560 0.000010 0.002668 0.191627
0.000010 0.000010 0.000010 0.000010 0.000010 0.000010 0.000010 0.000010 0.999920
0.116355 0.250055 0.000010 0.069665 0.019459 0.046626 0.000010 0.015552 0.482268
0.004203 0.125505 0.119593 0.000010 0.160209 0.082968 0.198198 0.243740 0.065574
0.225137 0.141643 0.065033 0.149247 0.000010 0.000010 0.000010 0.418901 0.000010
0.096124 0.106538 0.062806 0.000010 0.211010 0.155271 0.059596 0.123045 0.185599
0.324263 0.215957 0.000010 0.000010 0.087550 0.289524 0.000010 0.000010 0.082666
0.094687 0.553942 0.078774 0.099432 0.000010 0.008122 0.000010 0.000010 0.165013
0.000010 0.000010 0.000010 0.000010 0.999920 0.000010 0.000010 0.000010 0.000010
0.214619 0.426662 0.000010 0.099148 0.000010 0.000010 0.115013 0.043772 0.100755
0.088083 0.173917 0.000010 0.000010 0.227963 0.169375 0.109234 0.036609 0.194801
0.000010 0.000010 0.000010 0.000010 0.000010 0.999920 0.000010 0.000010 0.000010
0.144872 0.000010 0.000010 0.002356 0.505547 0.000010 0.000010 0.028412 0.318773
0.214613 0.000010 0.063009 0.072918 0.114994 0.008440 0.490018 0.000010 0.035988
0.999920 0.000010 0.000010 0.000010 0.000010 0.000010 0.000010 0.000010 0.000010
0.131165 0.000010 0.071875 0.000010 0.531298 0.265613 0.000010 0.000010 0.000010
0.000010 0.000010 0.000010 0.000010 0.000010 0.999920 0.000010 0.000010 0.000010
0.000010 0.051078 0.034547 0.050863 0.344612 0.000010 0.000010 0.082861 0.436009
0.135816 0.000010 0.042327 0.140097 0.000010 0.008397 0.054462 0.000010 0.618871
0.291530 0.403044 0.019878 0.028219 0.000010 0.000010 0.097147 0.000010 0.160151
0.070863 0.332023 0.035689 0.014850 0.114157 0.000010 0.279232 0.153166 0.000010
0.303442 0.000010 0.036869 0.037897 0.121613 0.000010 0.093052 0.022202 0.384904
0.043650 0.192535 0.010628 0.033902 0.584159 0.052061 0.000010 0.000010 0.083045
0.171926 0.161323 0.015926 0.101714 0.000010 0.036954 0.262781 0.169742 0.079624
0.250961 0.113746 0.018879 0.000010 0.282930 0.036085 0.000010 0.109223 0.188155
0.100444 0.088172 0.000010 0.026793 0.108524 0.000010 0.000010 0.056499 0.619537
0.000010 0.525094 0.006568 0.024554 0.000010 0.000010 0.097458 0.000010 0.346287
0.000010 0.000010 0.000010 0.013057 0.770844 0.015613 0.000010 0.000010 0.200436
0.296925 0.006525 0.084051 0.345735 0.000010 0.014689 0.073844 0.000010 0.178211
0.185448 0.216026 0.103294 0.000010 0.158108 0.032841 0.100012 0.044819 0.159443
0.587247 0.000010 0.012530 0.000010 0.083967 0.036619 0.000010 0.122919 0.156688
0.004421 0.107462 0.000010 0.000010 0.357079 0.000010 0.180260 0.117487 0.233260
0.246333 0.541903 0.040649 0.000010 0.004483 0.000010 0.119025 0.000010 0.047576
0.124789 0.137909 0.000010 0.058981 0.226519 0.248584 0.026248 0.069749 0.107210
0.098668 0.120119 0.042195 0.000010 0.296907 0.093321 0.168755 0.180015 0.000010
0.000010 0.000010 0.010843 0.000010 0.977831 0.000010 0.000010 0.000010 0.011265
0.256305 0.198657 0.000010 0.000010 0.279889 0.193794 0.000010 0.000010 0.071315
0.278442 0.238243 0.018829 0.048764 0.000010 0.000010 0.186839 0.000010 0.228853
0.000010 0.483872 0.020436 0.000010 0.069648 0.000010 0.023627 0.299009 0.103378
0.108713 0.065056 0.056662 0.000010 0.097253 0.014280 0.010110 0.384566 0.263350
0.262387 0.338816 0.013733 0.042551 0.000010 0.000010 0.000010 0.124711 0.217772
0.058424 0.461444 0.085704 0.058749 0.000010 0.000010 0.154775 0.086179 0.094705
0.100645 0.184239 0.007820 0.000010 0.101026 0.000010 0.363910 0.183175 0.059166
0.000010 0.169055 0.053095 0.000010 0.221963 0.000010 0.114615 0.441232 0.000010
0.096268 0.000010 0.079181 0.000010 0.114137 0.019595 0.690780 0.000010 0.000010
0.062724 0.232206 0.092397 0.000010 0.019638 0.088854 0.478957 0.000010 0.025204
0.156486 0.211248 0.042370 0.000010 0.000010 0.016914 0.426889 0.146063 0.000010
0.086343 0.492071 0.054246 0.000010 0.000010 0.035545 0.211314 0.120450 0.000010
0.000010 0.000010 0.058688 0.000010 0.000010 0.000010 0.225079 0.535343 0.180839
0.000010 0.041886 0.057854 0.000010 0.175222 0.012327 0.076393 0.636288 0.000010
0.128780 0.243959 0.031841 0.000010 0.131935 0.074688 0.189658 0.164429 0.034699
0.000010 0.000010 0.009213 0.000010 0.196494 0.000010 0.753314 0.000010 0.040929
0.000010 0.000010 0.026366 0.000010 0.000010 0.000010 0.894436 0.000010 0.079138
0.382863 0.085019 0.000010 0.080503 0.028163 0.037590 0.104345 0.207813 0.073693
0.017811 0.138709 0.000010 0.000010 0.392622 0.068898 0.343420 0.038511 0.000010
0.100934 0.379804 0.000010 0.000582 0.076439 0.000010 0.298719 0.133307 0.010196
0.000010 0.526107 0.018730 0.071966 0.075290 0.000010 0.000010 0.000010 0.307866
0.132700 0.208131 0.117421 0.044393 0.160280 0.014290 0.167133 0.155642 0.000010
0.000010 0.068132 0.016966 0.077559 0.000010 0.004390 0.471362 0.204008 0.157562
0.000010 0.000010 0.025284 0.050682 0.024591 0.000010 0.790773 0.000010 0.108629
0.250920 0.306993 0.091617 0.000010 0.000010 0.018688 0.233682 0.017531 0.080547
0.000010 0.041798 0.038118 0.000010 0.289472 0.033420 0.094913 0.476242 0.026018
0.000010 0.000010 0.000010 0.000010 0.000010 0.000010 0.826914 0.000010 0.173016
0.000010 0.338597 0.000010 0.027982 0.000010 0.077777 0.305623 0.249980 0.000010
0.000010 0.155914 0.108423 0.015736 0.142234 0.067378 0.107821 0.137986 0.264499
0.075538 0.000010 0.000010 0.073196 0.013647 0.000010 0.826141 0.011437 0.000010
0.000010 0.401205 0.020834 0.038863 0.000010 0.000010 0.234903 0.000010 0.304155
0.124906 0.505102 0.031123 0.061631 0.000010 0.062749 0.128783 0.085687 0.000010
0.006542 0.162037 0.042058 0.025954 0.088063 0.111789 0.305855 0.134495 0.123206
0.153231 0.256003 0.038787 0.115690 0.000010 0.000010 0.261196 0.000010 0.175063
0.083187 0.104779 0.081617 0.040443 0.158180 0.010015 0.160385 0.243463 0.117930
0.042347 0.246130 0.011677 0.000010 0.084567 0.024936 0.276533 0.179328 0.134472
0.211748 0.282508 0.111656 0.073610 0.023792 0.000010 0.213153 0.083513 0.000010
0.269287 0.394903 0.041859 0.013837 0.004815 0.079650 0.178943 0.016696 0.000010
0.294660 0.399035 0.023240 0.000010 0.018454 0.039396 0.092752 0.045665 0.086788
0.000010 0.345978 0.000010 0.002288 0.100226 0.032876 0.420923 0.097679 0.000010
0.071745 0.000010 0.024231 0.080364 0.087816 0.015886 0.191174 0.373677 0.155097
0.000010 0.465261 0.055674 0.120944 0.000010 0.050543 0.141549 0.113188 0.052821
0.203497 0.041257 0.027882 0.000010 0.105245 0.000010 0.432916 0.189173 0.000010
0.279397 0.000010 0.100280 0.099465 0.000010 0.000010 0.000010 0.520807 0.000010
0.211870 0.174791 0.098612 0.032900 0.152910 0.000010 0.203310 0.000010 0.125586
0.126587 0.125636 0.017398 0.000010 0.000010 0.000010 0.589964 0.140375 0.000010
0.048064 0.229214 0.048628 0.193702 0.118006 0.000010 0.091556 0.143153 0.127667
0.000010 0.194409 0.000010 0.055582 0.000010 0.050489 0.352259 0.285023 0.062208
0.194680 0.198955 0.000010 0.505262 0.000010 0.000010 0.000010 0.101054 0.000010
0.000010 0.026891 0.000010 0.000010 0.018306 0.000010 0.800345 0.126549 0.027869
0.169215 0.563699 0.031783 0.000010 0.054110 0.018905 0.042619 0.000010 0.119649
0.000010 0.111342 0.000010 0.000010 0.156503 0.085255 0.468856 0.178005 0.000010
0.056622 0.000010 0.032500 0.044497 0.006298 0.091537 0.463254 0.259682 0.045601
0.284846 0.332196 0.018946 0.000010 0.041021 0.016865 0.306096 0.000010 0.000010
0.000010 0.223180 0.092792 0.000010 0.172351 0.000010 0.335757 0.019329 0.156562
0.000010 0.222766 0.046288 0.000010 0.309478 0.042778 0.280575 0.025577 0.072518
0.082221 0.354764 0.098219 0.006509 0.000010 0.029552 0.043161 0.294906 0.090658
0.356758 0.265746 0.097485 0.144115 0.000010 0.000010 0.056838 0.079029 0.000010
0.042775 0.089308 0.036873 0.000010 0.010068 0.074907 0.556902 0.082699 0.106458
0.000010 0.307012 0.004654 0.119351 0.356107 0.000010 0.036644 0.176202 0.000010
0.180771 0.085787 0.000010 0.114147 0.146890 0.055320 0.328287 0.088779 0.000010
0.031965 0.081338 0.144063 0.010989 0.143571 0.012818 0.253849 0.202996 0.118413
0.231024 0.054793 0.074845 0.000010 0.000010 0.012389 0.356070 0.270849 0.000010
0.000010 0.113682 0.000010 0.000010 0.029833 0.027298 0.529412 0.126725 0.173021
0.000010 0.000010 0.059142 0.000010 0.000010 0.000010 0.615909 0.187512 0.137387
0.256963 0.364201 0.015081 0.000010 0.000010 0.000010 0.325859 0.000010 0.037856
0.113492 0.000010 0.053877 0.000010 0.000010 0.084568 0.000010 0.482540 0.265483
0.161349 0.172060 0.046646 0.001505 0.000010 0.030752 0.486308 0.101360 0.000010
0.000010 0.424141 0.003991 0.027681 0.180634 0.032997 0.145777 0.172970 0.011798
0.233201 0.135150 0.045016 0.000010 0.296672 0.061064 0.145353 0.083524 0.000010
0.258322 0.072033 0.111394 0.000010 0.136418 0.015686 0.406117 0.000010 0.000010
0.292877 0.098708 0.000010 0.139462 0.108658 0.000010 0.079495 0.134615 0.146166
0.000010 0.000010 0.007213 0.000010 0.000010 0.000010 0.000010 0.662703 0.330024
0.000010 0.543018 0.000010 0.032588 0.247367 0.000010 0.000010 0.176977 0.000010
0.029510 0.214449 0.034799 0.000010 0.088520 0.061571 0.247028 0.112091 0.212022
0.047059 0.156548 0.051031 0.000010 0.000010 0.093481 0.310203 0.185138 0.156520
0.123912 0.335647 0.053631 0.067522 0.136259 0.007064 0.077143 0.021584 0.177238
0.180763 0.236163 0.044335 0.034115 0.102846 0.004392 0.029904 0.308086 0.059396
0.000010 0.000010 0.005774 0.000010 0.073094 0.002807 0.689072 0.229212 0.000010
0.000010 0.257573 0.000010 0.000010 0.191777 0.040235 0.448349 0.062026 0.000010
0.508607 0.069465 0.014201 0.000010 0.036023 0.013545 0.107480 0.037311 0.213357
0.000010 0.224307 0.000010 0.000010 0.221103 0.034083 0.355504 0.139863 0.025110
0.000010 0.000010 0.024253 0.092993 0.000010 0.048916 0.362332 0.279830 0.191647
0.000010 0.083817 0.010095 0.000010 0.000010 0.000010 0.906028 0.000010 0.000010
0.000010 0.000010 0.024645 0.092758 0.000010 0.049118 0.360718 0.280888 0.191843
0.000010 0.000010 0.999920 0.000010 0.000010 0.000010 0.000010 0.000010 0.000010
0.134101 0.000010 0.152804 0.248891 0.000010 0.101395 0.000010 0.292021 0.070758
0.000010 0.000010 0.000010 0.000010 0.103558 0.233539 0.474037 0.049902 0.138924
0.000010 0.485930 0.042610 0.104412 0.048367 0.000010 0.020612 0.298040 0.000010
0.000010 0.000010 0.000010 0.000010 0.999920 0.000010 0.000010 0.000010 0.000010
0.175314 0.196224 0.064127 0.073680 0.130690 0.000010 0.276814 0.083131 0.000010
0.019456 0.193887 0.008506 0.098874 0.113294 0.000010 0.170014 0.266806 0.129154
0.196970 0.017641 0.048993 0.000010 0.000010 0.008386 0.378439 0.349541 0.000010
0.341195 0.243066 0.035601 0.079810 0.000010 0.008818 0.282801 0.000010 0.008690
0.000010 0.527850 0.007166 0.000010 0.167784 0.095678 0.000010 0.160182 0.041310
0.000010 0.000010 0.999920 0.000010 0.000010 0.000010 0.000010 0.000010 0.000010
0.178461 0.576497 0.089482 0.000010 0.000010 0.102286 0.008119 0.045125 0.000010
0.000010 0.000010 0.999920 0.000010 0.000010 0.000010 0.000010 0.000010 0.000010
0.075570 0.225103 0.005241 0.000010 0.133428 0.078459 0.230345 0.147214 0.104632
0.000010 0.208649 0.024758 0.000010 0.538994 0.047432 0.180128 0.000010 0.000010
0.000010 0.177948 0.007945 0.000010 0.052079 0.131639 0.534666 0.095694 0.000010
0.052961 0.000010 0.156035 0.084947 0.110987 0.094248 0.000010 0.361071 0.139730
0.123537 0.012440 0.157225 0.000010 0.277173 0.018342 0.111142 0.300121 0.000010
0.399897 0.000010 0.006763 0.593280 0.000010 0.000010 0.000010 0.000010 0.000010
0.387676 0.000010 0.006955 0.210557 0.000010 0.051078 0.000010 0.343695 0.000010
0.402151 0.144899 0.000010 0.089724 0.000010 0.000010 0.048316 0.174980 0.139899
0.763929 0.000010 0.000010 0.142921 0.000010 0.000010 0.000010 0.093090 0.000010
0.509800 0.000010 0.030058 0.095424 0.000010 0.024048 0.071672 0.177559 0.091419
0.347165 0.058236 0.004506 0.198393 0.035057 0.017422 0.045973 0.084379 0.208868
0.313699 0.000010 0.101908 0.168233 0.000010 0.023791 0.000010 0.270321 0.122018
0.000010 0.113396 0.033276 0.000010 0.000010 0.029684 0.607439 0.216164 0.000010
0.094278 0.011734 0.008676 0.000010 0.037465 0.000010 0.383772 0.418396 0.045659
0.007537 0.000010 0.023179 0.000010 0.218278 0.000010 0.750957 0.000010 0.000010
0.483264 0.000010 0.000010 0.516666 0.000010 0.000010 0.000010 0.000010 0.000010
0.267947 0.000010 0.101311 0.039698 0.000010 0.000010 0.000010 0.546053 0.044951
0.164252 0.000010 0.108263 0.000010 0.000010 0.009801 0.000010 0.717634 0.000010
0.467419 0.000010 0.070014 0.139108 0.000010 0.000010 0.000010 0.323409 0.000010
0.450178 0.181667 0.042305 0.094685 0.071771 0.000132 0.000010 0.043885 0.115369
0.109659 0.000010 0.123083 0.112523 0.038131 0.046296 0.000010 0.523763 0.046525
0.405136 0.238286 0.013638 0.047918 0.042568 0.000010 0.164436 0.000010 0.087998
0.371192 0.000010 0.039164 0.089668 0.027367 0.004643 0.168446 0.129725 0.169784
0.000010 0.000010 0.000010 0.000010 0.000010 0.000010 0.999920 0.000010 0.000010
0.150124 0.090738 0.001302 0.280464 0.001256 0.000010 0.000010 0.476087 0.000010
0.158398 0.016718 0.034620 0.000010 0.000010 0.000010 0.000010 0.790215 0.000010
0.000010 0.341081 0.122220 0.000010 0.008821 0.074041 0.000010 0.281880 0.171926
0.000010 0.000010 0.170661 0.000010 0.000010 0.000010 0.000010 0.829269 0.000010
0.000010 0.000010 0.000010 0.999920 0.000010 0.000010 0.000010 0.000010 0.000010
0.000010 0.000010 0.000010 0.999920 0.000010 0.000010 0.000010 0.000010 0.000010
0.000010 0.000010 0.079240 0.094341 0.000010 0.007518 0.078882 0.607956 0.132033
0.160512 0.000010 0.000010 0.000010 0.083072 0.000010 0.244116 0.512251 0.000010
0.173524 0.030681 0.019185 0.063699 0.000010 0.000010 0.000010 0.712871 0.000010
0.312464 0.000010 0.020982 0.212041 0.000010 0.022282 0.028030 0.404170 0.000010
0.338385 0.000010 0.000010 0.229098 0.000010 0.039684 0.000010 0.392783 0.000010
0.286449 0.109409 0.089088 0.218513 0.240843 0.000010 0.000010 0.038493 0.017184
0.078807 0.000010 0.001527 0.000010 0.053425 0.030754 0.490680 0.209301 0.135485
0.000010 0.000010 0.055224 0.000010 0.000010 0.000010 0.137873 0.555965 0.250888
0.236033 0.235492 0.040201 0.143409 0.066022 0.000010 0.199410 0.000010 0.079413
0.000010 0.000010 0.000010 0.999920 0.000010 0.000010 0.000010 0.000010 0.000010
0.151412 0.000010 0.000010 0.415781 0.000010 0.000010 0.074706 0.358051 0.000010
0.242166 0.000010 0.010204 0.202308 0.039192 0.050180 0.000010 0.224714 0.231217
0.491706 0.000010 0.000010 0.508224 0.000010 0.000010 0.000010 0.000010 0.000010
0.000010 0.200974 0.000010 0.523077 0.000010 0.000010 0.000010 0.088085 0.187815
0.292955 0.326928 0.000010 0.064170 0.000010 0.000010 0.000010 0.110133 0.205773
0.226278 0.000010 0.000010 0.562023 0.129770 0.000010 0.000010 0.044768 0.037122
0.460882 0.000010 0.103737 0.065336 0.173497 0.020185 0.030115 0.146227 0.000010
0.000010 0.053736 0.000010 0.063408 0.177802 0.080906 0.351504 0.159665 0.112958
0.065884 0.198021 0.057156 0.000010 0.167573 0.061064 0.450273 0.000010 0.000010
0.072198 0.104356 0.066168 0.000010 0.204941 0.000010 0.416570 0.135736 0.000010
0.438756 0.000010 0.039114 0.057602 0.000010 0.000010 0.000010 0.413157 0.051332
0.453059 0.031426 0.042179 0.170089 0.000010 0.000010 0.000010 0.166861 0.136355
0.113948 0.000010 0.087069 0.290830 0.093931 0.000010 0.041626 0.372565 0.000010
0.430242 0.283246 0.017745 0.000010 0.000010 0.006542 0.000010 0.000010 0.262186
0.603655 0.000010 0.016884 0.115350 0.000010 0.000010 0.000010 0.159127 0.104944
0.548371 0.121946 0.023072 0.095733 0.008526 0.004360 0.016108 0.027985 0.153898
0.241701 0.417267 0.056379 0.000010 0.000010 0.058065 0.183191 0.029302 0.014075
0.225830 0.000010 0.000010 0.113343 0.000010 0.000010 0.000010 0.365964 0.294812
0.000010 0.811594 0.013589 0.000010 0.000010 0.000010 0.000010 0.174757 0.000010
0.000010 0.249893 0.000010 0.032545 0.106991 0.000010 0.518675 0.091856 0.000010
0.479346 0.133905 0.000010 0.094284 0.009867 0.065285 0.011856 0.000010 0.205438
0.177331 0.143992 0.049682 0.000010 0.039136 0.059005 0.456052 0.074783 0.000010
0.559096 0.000010 0.136077 0.031475 0.082911 0.000010 0.000010 0.190402 0.000010
0.108201 0.204761 0.029790 0.448933 0.000010 0.000010 0.088187 0.051911 0.068196
0.049841 0.000010 0.040661 0.000010 0.000010 0.013224 0.061807 0.613238 0.221200
0.370606 0.000010 0.074851 0.262532 0.008915 0.000010 0.006128 0.095855 0.181094
0.318071 0.456171 0.093139 0.115832 0.000010 0.000010 0.000010 0.016747 0.000010
0.232088 0.000010 0.217729 0.067849 0.000010 0.000010 0.000010 0.482284 0.000010
0.223933 0.120011 0.000010 0.008046 0.051510 0.038851 0.202581 0.140531 0.214527
0.278293 0.000010 0.000010 0.064312 0.000010 0.000010 0.143326 0.497671 0.016358
0.203569 0.395270 0.030079 0.332952 0.000010 0.000010 0.000010 0.038091 0.000010
0.048929 0.000010 0.033659 0.051895 0.224123 0.000010 0.327633 0.258820 0.054920
0.066302 0.088668 0.070523 0.000010 0.000010 0.011155 0.152035 0.360453 0.250845
0.204411 0.011614 0.165792 0.123137 0.011556 0.000010 0.094826 0.388644 0.000010
0.200729 0.038026 0.019589 0.322130 0.000010 0.000010 0.076371 0.229134 0.114000
0.397353 0.000010 0.000010 0.180835 0.000010 0.000010 0.000010 0.251765 0.169998
0.000010 0.209863 0.024978 0.000010 0.541023 0.047150 0.176945 0.000010 0.000010
0.052315 0.000010 0.000010 0.231887 0.000010 0.000010 0.150695 0.359345 0.205719
0.288360 0.000010 0.014596 0.170762 0.196718 0.000010 0.000010 0.306073 0.023461
0.634014 0.000010 0.000010 0.070910 0.000010 0.022804 0.000010 0.093462 0.178770
0.187874 0.269904 0.000010 0.000010 0.000010 0.044268 0.124084 0.022964 0.350876
0.329775 0.295094 0.004548 0.185043 0.000010 0.000010 0.049903 0.000067 0.135549
0.000010 0.662281 0.153754 0.000010 0.124085 0.041847 0.000010 0.017992 0.000010
0.103676 0.125405 0.044499 0.007650 0.298820 0.053966 0.299044 0.066930 0.000010
0.216498 0.000010 0.010341 0.159038 0.135328 0.000010 0.005167 0.263254 0.210353
0.503564 0.000010 0.000010 0.398474 0.000010 0.027911 0.000010 0.000010 0.070001
0.426367 0.182110 0.000010 0.186091 0.019135 0.000011 0.001765 0.000010 0.184502
0.263428 0.396216 0.016171 0.000010 0.013684 0.000010 0.036976 0.000010 0.273495
0.355813 0.000010 0.001576 0.448455 0.000010 0.000010 0.000010 0.000010 0.194106
0.057311 0.000010 0.005517 0.131482 0.000010 0.019628 0.187193 0.480908 0.117940
0.214897 0.000010 0.000010 0.658486 0.000010 0.038741 0.000010 0.087827 0.000010
0.000010 0.000010 0.013945 0.000010 0.000010 0.000010 0.801863 0.010202 0.173940
0.009754 0.088673 0.031055 0.000010 0.429524 0.022638 0.418326 0.000010 0.000010
0.148789 0.000010 0.022921 0.000010 0.602497 0.064444 0.119556 0.041763 0.000010
