0.999970 0.000010 0.000010 0.000010
0.183456 0.178932 0.246527 0.391085
0.256738 0.000010 0.491440 0.251811
0.999970 0.000010 0.000010 0.000010
0.571374 0.000010 0.428606 0.000010
0.265444 0.032945 0.488916 0.212695
0.000010 0.000010 0.515450 0.484530
0.865540 0.000010 0.000010 0.134440
0.174550 0.000010 0.622040 0.203400
0.123489 0.331983 0.399034 0.145493
0.965204 0.034776 0.000010 0.000010
0.069980 0.334376 0.461755 0.133889
0.742883 0.000010 0.201807 0.055301
0.999970 0.000010 0.000010 0.000010
0.122187 0.341957 0.154758 0.381098
0.266165 0.000010 0.695086 0.038739
0.999970 0.000010 0.000010 0.000010
0.999970 0.000010 0.000010 0.000010
0.180750 0.327826 0.174880 0.316544
0.000010 0.367516 0.411529 0.220944
0.523672 0.000010 0.440844 0.035475
0.000010 0.471576 0.203712 0.324702
0.000010 0.644781 0.242820 0.112390
0.999970 0.000010 0.000010 0.000010
0.999970 0.000010 0.000010 0.000010
0.093320 0.414615 0.256190 0.235875
0.000010 0.000010 0.999970 0.000010
0.349857 0.000010 0.650123 0.000010
0.393218 0.000010 0.473360 0.133412
0.018387 0.577363 0.168290 0.235960
0.411606 0.000010 0.554208 0.034176
0.975882 0.000010 0.000010 0.024098
0.080924 0.514189 0.169894 0.234993
0.000010 0.325230 0.229170 0.445590
0.000010 0.000010 0.999970 0.000010
0.000010 0.000010 0.823188 0.176792
0.087789 0.711688 0.090923 0.109600
0.000010 0.000010 0.000010 0.999970
0.475507 0.075867 0.113508 0.335118
0.287800 0.000010 0.671851 0.040339
0.000010 0.341641 0.305612 0.352737
0.999970 0.000010 0.000010 0.000010
0.000010 0.209324 0.239123 0.551543
0.452283 0.000010 0.547697 0.000010
0.999970 0.000010 0.000010 0.000010
0.661326 0.000010 0.174857 0.163807
0.000010 0.951774 0.048206 0.000010
0.000010 0.000010 0.049119 0.950861
0.916335 0.000018 0.000010 0.083637
0.999970 0.000010 0.000010 0.000010
0.299574 0.044537 0.576617 0.079272
0.000010 0.000010 0.999970 0.000010
0.000010 0.308085 0.330160 0.361745
0.038479 0.790748 0.000010 0.170763
0.098043 0.000010 0.580708 0.321239
0.769264 0.000010 0.000010 0.230716
0.000010 0.612081 0.000010 0.387899
0.445762 0.000010 0.350010 0.204218
0.000010 0.000010 0.849782 0.150198
0.000010 0.474414 0.525566 0.000010
0.999970 0.000010 0.000010 0.000010
0.000010 0.000010 0.130261 0.869719
0.215391 0.086547 0.698051 0.000010
0.000010 0.000010 0.372472 0.627508
0.300275 0.190057 0.238374 0.271294
0.051036 0.556195 0.105343 0.287426
0.752810 0.000010 0.155360 0.091820
0.088738 0.688904 0.000010 0.222348
0.999970 0.000010 0.000010 0.000010
0.553363 0.000010 0.446617 0.000010
0.000010 0.322714 0.200778 0.476498
0.124738 0.598128 0.174983 0.102151
0.032252 0.000010 0.654788 0.312949
0.000010 0.093886 0.475899 0.430205
0.000010 0.524215 0.000010 0.475765
0.000010 0.642318 0.079100 0.278573
0.290354 0.402066 0.000010 0.307570
0.000010 0.999970 0.000010 0.000010
0.000010 0.999970 0.000010 0.000010
0.000010 0.540167 0.000010 0.459813
0.000010 0.904958 0.067259 0.027774
0.000010 0.505254 0.000010 0.494726
0.368288 0.369664 0.000010 0.262037
0.000010 0.632275 0.195104 0.172611
0.219462 0.750609 0.000010 0.029919
0.000010 0.999970 0.000010 0.000010
0.000010 0.000010 0.452148 0.547832
0.416301 0.583679 0.000010 0.000010
0.000010 0.603698 0.000010 0.396282
0.102632 0.521571 0.240460 0.135337
0.100688 0.615448 0.000010 0.283854
0.000010 0.677195 0.000010 0.322785
0.000010 0.779319 0.000010 0.220661
0.000010 0.476975 0.324748 0.198267
0.399624 0.347402 0.000010 0.252964
0.000010 0.999970 0.000010 0.000010
0.000010 0.478415 0.000010 0.521565
0.142524 0.477087 0.380379 0.000010
0.000010 0.855486 0.000010 0.144494
0.000010 0.256073 0.567850 0.176067
0.000010 0.486547 0.000010 0.513433
0.111246 0.498955 0.214157 0.175642
0.000010 0.423835 0.211228 0.364927
0.000010 0.694746 0.158170 0.147073
0.113967 0.843420 0.042603 0.000010
0.000010 0.674431 0.000010 0.325549
0.000010 0.682067 0.000010 0.317913
0.000010 0.529864 0.143995 0.326131
0.048334 0.888917 0.000010 0.062740
0.000010 0.256101 0.000010 0.743879
0.000010 0.539698 0.360138 0.100153
0.053025 0.586582 0.000010 0.360383
0.000010 0.000010 0.000010 0.999970
0.000010 0.472789 0.527191 0.000010
0.000010 0.759671 0.000010 0.240309
0.000010 0.349580 0.401845 0.248565
0.000010 0.545436 0.000010 0.454544
0.000010 0.000010 0.000010 0.999970
0.000010 0.896279 0.000010 0.103701
0.031649 0.483129 0.133726 0.351496
0.062210 0.731079 0.000010 0.206701
0.000010 0.679635 0.000010 0.320345
0.000010 0.637113 0.000010 0.362867
0.140630 0.859350 0.000010 0.000010
0.248951 0.751029 0.000010 0.000010
0.000010 0.471629 0.460608 0.067753
0.000010 0.377254 0.000010 0.622726
0.000010 0.832098 0.000010 0.167882
0.248904 0.433214 0.000010 0.317872
0.041352 0.371916 0.000010 0.586722
0.000010 0.931504 0.000010 0.068476
0.053873 0.615099 0.000010 0.331019
0.000010 0.584795 0.000010 0.415185
0.000010 0.873227 0.000010 0.126753
0.000010 0.697372 0.193590 0.109028
0.000010 0.149857 0.686912 0.163221
0.000010 0.537526 0.276883 0.185581
0.112735 0.752874 0.000010 0.134381
0.000010 0.712534 0.000010 0.287446
0.000010 0.920339 0.000010 0.079641
0.023777 0.204702 0.017657 0.753865
0.000010 0.235879 0.000010 0.764101
0.085211 0.561232 0.039127 0.314430
0.000010 0.748385 0.000010 0.251595
0.000010 0.534098 0.356119 0.109774
0.151066 0.433034 0.159369 0.256531
0.101119 0.424407 0.242851 0.231623
0.037779 0.962201 0.000010 0.000010
0.230545 0.715482 0.000010 0.053964
0.000010 0.000010 0.468452 0.531528
0.389082 0.559543 0.000010 0.051366
0.000010 0.565964 0.000010 0.434016
0.000010 0.999970 0.000010 0.000010
0.000010 0.563896 0.000010 0.436084
0.000010 0.999970 0.000010 0.000010
0.000010 0.000010 0.000010 0.999970
0.477572 0.429440 0.000010 0.092978
0.000010 0.488396 0.000010 0.511584
0.999970 0.000010 0.000010 0.000010
0.000010 0.788238 0.000010 0.211742
0.112203 0.516567 0.211063 0.160167
0.000010 0.128241 0.000010 0.871739
0.000010 0.308695 0.341653 0.349642
0.299880 0.395766 0.000010 0.304344
0.000010 0.999970 0.000010 0.000010
0.000010 0.466117 0.000010 0.533863
0.000011 0.999969 0.000010 0.000010
0.171187 0.787207 0.000010 0.041596
0.433093 0.566887 0.000010 0.000010
0.174479 0.825501 0.000010 0.000010
0.000010 0.203128 0.796852 0.000010
0.000010 0.816001 0.000010 0.183979
0.000010 0.000010 0.000010 0.999970
0.000010 0.000010 0.000010 0.999970
0.000010 0.000010 0.000010 0.999970
0.000010 0.000010 0.000010 0.999970
0.009576 0.000010 0.106841 0.883573
0.000010 0.000010 0.274913 0.725067
0.000010 0.000010 0.000010 0.999970
0.000010 0.999970 0.000010 0.000010
0.000010 0.315047 0.000010 0.684933
0.072755 0.927225 0.000010 0.000010
0.000010 0.000010 0.000010 0.999970
0.000010 0.000010 0.000010 0.999970
0.000010 0.000010 0.000010 0.999970
0.000010 0.000010 0.000010 0.999970
0.000010 0.000010 0.358547 0.641433
0.000010 0.000010 0.000010 0.999970
0.000010 0.030447 0.174920 0.794622
0.000010 0.000010 0.000010 0.999970
0.000010 0.999970 0.000010 0.000010
0.000010 0.000018 0.000010 0.999962
0.000010 0.000010 0.000010 0.999970
0.000010 0.204741 0.795239 0.000010
0.000010 0.000010 0.000010 0.999970
0.000010 0.000010 0.000010 0.999970
0.000010 0.000010 0.000010 0.999970
0.000010 0.000010 0.000010 0.999970
0.000010 0.101782 0.000010 0.898198
0.000010 0.000010 0.000010 0.999970
0.000010 0.000010 0.000010 0.999970
0.000010 0.000010 0.000010 0.999970
0.000010 0.185212 0.673253 0.141525
0.092263 0.907717 0.000010 0.000010
0.000010 0.342691 0.000010 0.657289
0.000010 0.348812 0.592914 0.058264
0.000010 0.000010 0.000010 0.999970
0.000010 0.000010 0.000010 0.999970
0.000010 0.000010 0.000010 0.999970
0.000010 0.000011 0.000010 0.999969
0.000010 0.000010 0.332975 0.667005
0.000010 0.000010 0.500681 0.499299
0.000010 0.000010 0.000010 0.999970
0.000010 0.534358 0.000010 0.465622
0.229213 0.437686 0.000010 0.333090
0.000010 0.866156 0.000010 0.133824
0.000010 0.999970 0.000010 0.000010
0.000010 0.000010 0.000010 0.999970
0.000010 0.000010 0.000010 0.999970
0.000010 0.085662 0.000010 0.914318
0.000010 0.000010 0.570852 0.429128
0.000010 0.000018 0.000010 0.999962
0.000010 0.000010 0.094246 0.905734
0.000010 0.703815 0.000010 0.296165
0.000010 0.000010 0.000010 0.999970
0.000010 0.589053 0.000010 0.410927
0.158325 0.841655 0.000010 0.000010
0.000010 0.000010 0.430689 0.569291
0.000010 0.754882 0.000010 0.245098
0.000010 0.000010 0.000010 0.999970
0.000010 0.000010 0.332106 0.667874
0.000010 0.188072 0.314791 0.497128
0.000010 0.000010 0.000010 0.999970
0.000010 0.467555 0.000010 0.532425
0.000010 0.000010 0.000010 0.999970
0.000010 0.270341 0.072957 0.656692
0.000010 0.000010 0.000010 0.999970
0.000010 0.000010 0.000010 0.999970
0.000010 0.262972 0.000010 0.737008
0.000010 0.604690 0.000010 0.395290
0.000010 0.121097 0.000010 0.878883
0.000010 0.000010 0.000010 0.999970
0.000010 0.000010 0.000010 0.999970
0.435531 0.564449 0.000010 0.000010
0.000010 0.000010 0.000010 0.999970
0.000011 0.000010 0.000010 0.999969
0.000010 0.000010 0.101614 0.898366
0.000010 0.014430 0.730221 0.255339
0.000010 0.000010 0.377455 0.622525
0.146072 0.494889 0.359028 0.000010
0.117027 0.668634 0.000010 0.214330
0.000010 0.000010 0.000010 0.999970
0.000010 0.000010 0.217914 0.782066
0.000010 0.135174 0.346754 0.518062
0.000010 0.000010 0.733745 0.266235
0.000010 0.000010 0.000010 0.999970
0.000010 0.000010 0.000010 0.999970
0.000010 0.000019 0.000010 0.999961
0.000010 0.647783 0.000010 0.352197
0.293721 0.706259 0.000010 0.000010
0.639400 0.305885 0.000010 0.054705
