0.999970 0.000010 0.000010 0.000010
0.177573 0.159336 0.290031 0.373061
0.256709 0.000010 0.499461 0.243820
0.999970 0.000010 0.000010 0.000010
0.561838 0.000010 0.438142 0.000010
0.259989 0.029012 0.492587 0.218411
0.000010 0.000010 0.534297 0.465683
0.860032 0.000010 0.000010 0.139948
0.185166 0.000010 0.637312 0.177512
0.113970 0.330567 0.425316 0.130148
0.944925 0.055055 0.000010 0.000010
0.061344 0.319994 0.503098 0.115564
0.724266 0.000010 0.222582 0.053142
0.999970 0.000010 0.000010 0.000010
0.115040 0.325132 0.212645 0.347184
0.254110 0.000010 0.679086 0.066794
0.999970 0.000010 0.000010 0.000010
0.999970 0.000010 0.000010 0.000010
0.183748 0.329072 0.209411 0.277769
0.000010 0.363467 0.414878 0.221644
0.519572 0.000010 0.450743 0.029676
0.000010 0.456919 0.247718 0.295353
0.000010 0.619385 0.270924 0.109681
0.999970 0.000010 0.000010 0.000010
0.999970 0.000010 0.000010 0.000010
0.091155 0.404267 0.279769 0.224809
0.000010 0.000010 0.999970 0.000010
0.349302 0.000010 0.650678 0.000010
0.395581 0.000010 0.464960 0.139449
0.019787 0.557312 0.210139 0.212762
0.406684 0.000010 0.555025 0.038282
0.985472 0.000010 0.000010 0.014508
0.081848 0.505183 0.231038 0.181930
0.000010 0.295630 0.291751 0.412609
0.000010 0.000010 0.999970 0.000010
0.000010 0.000010 0.827122 0.172858
0.089295 0.721335 0.096800 0.092570
0.000010 0.000010 0.000010 0.999970
0.484754 0.060557 0.106570 0.348120
0.276344 0.000010 0.665730 0.057916
0.000010 0.325638 0.343253 0.331099
0.999970 0.000010 0.000010 0.000010
0.000010 0.198684 0.263992 0.537314
0.454672 0.000010 0.545308 0.000010
0.999970 0.000010 0.000010 0.000010
0.662196 0.000010 0.183128 0.154667
0.000010 0.939136 0.060844 0.000010
0.000010 0.000010 0.078326 0.921654
0.918972 0.000017 0.000010 0.081001
0.999970 0.000010 0.000010 0.000010
0.303505 0.051636 0.589791 0.055068
0.000010 0.000010 0.999970 0.000010
0.000010 0.295453 0.379855 0.324681
0.046589 0.789796 0.005930 0.157685
0.106034 0.000010 0.576437 0.317519
0.771521 0.014253 0.000010 0.214216
0.000010 0.616918 0.000010 0.383062
0.446891 0.000010 0.360652 0.192448
0.000010 0.000010 0.852548 0.147432
0.000010 0.452981 0.546999 0.000010
0.999970 0.000010 0.000010 0.000010
0.000010 0.000010 0.148035 0.851945
0.214213 0.094237 0.691540 0.000010
0.000010 0.000010 0.391148 0.608832
0.299644 0.203029 0.246710 0.250617
0.047551 0.563724 0.156018 0.232708
0.744435 0.000010 0.162832 0.092722
0.097684 0.694635 0.000010 0.207672
0.999970 0.000010 0.000010 0.000010
0.546097 0.000010 0.453883 0.000010
0.000010 0.303084 0.244415 0.452491
0.121239 0.586876 0.203264 0.088621
0.054294 0.000010 0.640997 0.304699
0.000010 0.079736 0.493898 0.426356
0.000010 0.494773 0.073010 0.432207
0.000010 0.672566 0.078826 0.248597
0.290407 0.418429 0.000010 0.291154
0.000010 0.999970 0.000010 0.000010
0.000010 0.999970 0.000010 0.000010
0.000010 0.579609 0.000010 0.420371
0.000010 0.902926 0.092536 0.004528
0.000010 0.541053 0.000010 0.458927
0.366898 0.394987 0.000010 0.238105
0.000010 0.649821 0.197387 0.152782
0.213476 0.755759 0.000010 0.030755
0.000010 0.999970 0.000010 0.000010
0.000010 0.000010 0.445969 0.554011
0.411932 0.588048 0.000010 0.000010
0.000010 0.618116 0.000010 0.381864
0.097754 0.511168 0.263250 0.127828
0.098813 0.628868 0.000010 0.272309
0.000010 0.686142 0.000010 0.313838
0.000010 0.787232 0.000010 0.212748
0.000010 0.479148 0.343929 0.176914
0.399580 0.369406 0.000010 0.231004
0.000010 0.999970 0.000010 0.000010
0.000010 0.504803 0.000010 0.495177
0.144546 0.473775 0.381669 0.000010
0.000010 0.870046 0.000010 0.129934
0.000010 0.257559 0.597301 0.145130
0.000010 0.488499 0.000010 0.511481
0.106687 0.520396 0.211439 0.161478
0.000010 0.415977 0.221122 0.362891
0.000010 0.691348 0.156816 0.151826
0.108941 0.853193 0.037856 0.000010
0.000010 0.668871 0.000010 0.331109
0.000010 0.688110 0.000010 0.311870
0.000010 0.519344 0.168618 0.312028
0.043604 0.881799 0.000010 0.074587
0.000010 0.274659 0.000010 0.725321
0.000010 0.550683 0.358353 0.090954
0.049319 0.589756 0.000010 0.360915
0.000010 0.000010 0.000010 0.999970
0.000010 0.457529 0.542451 0.000010
0.000010 0.783341 0.000010 0.216639
0.000010 0.345139 0.401461 0.253390
0.000010 0.581367 0.000010 0.418613
0.000010 0.000010 0.000010 0.999970
0.000010 0.907567 0.000010 0.092413
0.016825 0.497897 0.179651 0.305627
0.060532 0.741324 0.000010 0.198134
0.000010 0.693263 0.000010 0.306717
0.000010 0.662765 0.000010 0.337215
0.132036 0.867944 0.000010 0.000010
0.239676 0.760304 0.000010 0.000010
0.000010 0.483949 0.452253 0.063788
0.000010 0.363210 0.000010 0.636770
0.000010 0.843047 0.000010 0.156933
0.248084 0.433866 0.000010 0.318040
0.036010 0.380938 0.000010 0.583041
0.000010 0.930943 0.000010 0.069037
0.052701 0.612247 0.000010 0.335042
0.000010 0.585985 0.000010 0.413995
0.000010 0.894415 0.000010 0.105565
0.000010 0.699081 0.214708 0.086202
0.000010 0.169870 0.664177 0.165943
0.000010 0.559456 0.267724 0.172810
0.111730 0.758442 0.000010 0.129818
0.000010 0.700153 0.000010 0.299827
0.000010 0.903762 0.000010 0.096218
0.003089 0.213858 0.066236 0.716818
0.000010 0.265935 0.000010 0.734045
0.082870 0.557384 0.046600 0.313146
0.000010 0.756890 0.000010 0.243090
0.000010 0.543588 0.359511 0.096891
0.143016 0.426292 0.170639 0.260053
0.097865 0.425626 0.241923 0.234585
0.036591 0.963389 0.000010 0.000010
0.224769 0.732855 0.000010 0.042366
0.000010 0.000010 0.469586 0.530394
0.386809 0.560160 0.000010 0.053021
0.000010 0.586979 0.000010 0.413001
0.000010 0.999970 0.000010 0.000010
0.000010 0.583463 0.000010 0.416517
0.000010 0.999970 0.000010 0.000010
0.000010 0.000010 0.000010 0.999970
0.474619 0.441307 0.000010 0.084064
0.000010 0.510143 0.000010 0.489837
0.999970 0.000010 0.000010 0.000010
0.000010 0.785989 0.000010 0.213991
0.113507 0.521894 0.213500 0.151099
0.000010 0.160852 0.000010 0.839128
0.000010 0.305161 0.337557 0.357272
0.299152 0.413538 0.000010 0.287301
0.000010 0.999970 0.000010 0.000010
0.000010 0.474761 0.000010 0.525219
0.000010 0.999970 0.000010 0.000010
0.166117 0.794840 0.000010 0.039033
0.435185 0.564795 0.000010 0.000010
0.171547 0.828433 0.000010 0.000010
0.005283 0.227279 0.767428 0.000010
0.000010 0.804131 0.000010 0.195849
0.000010 0.000010 0.000010 0.999970
0.000010 0.000010 0.000010 0.999970
0.000010 0.000010 0.000010 0.999970
0.000010 0.000010 0.000010 0.999970
0.012878 0.000010 0.113820 0.873292
0.000010 0.000010 0.277652 0.722328
0.000010 0.000010 0.000010 0.999970
0.000010 0.999970 0.000010 0.000010
0.000010 0.330970 0.000010 0.669010
0.072928 0.927052 0.000010 0.000010
0.000010 0.000010 0.000010 0.999970
0.000010 0.000010 0.000010 0.999970
0.000013 0.021558 0.000010 0.978419
0.000010 0.000010 0.000010 0.999970
0.000010 0.000010 0.377479 0.622501
0.000010 0.000010 0.000010 0.999970
0.000010 0.033002 0.189493 0.777494
0.000010 0.000010 0.000010 0.999970
0.000010 0.999970 0.000010 0.000010
0.000010 0.000010 0.000010 0.999970
0.000010 0.000010 0.000010 0.999970
0.000010 0.228815 0.771165 0.000010
0.000010 0.031340 0.000010 0.968640
0.000010 0.000010 0.000010 0.999970
0.000010 0.000010 0.000010 0.999970
0.000010 0.000010 0.000010 0.999970
0.000010 0.145095 0.000010 0.854885
0.000010 0.000010 0.000010 0.999970
0.000010 0.000010 0.000010 0.999970
0.000010 0.000010 0.000010 0.999970
0.000010 0.189168 0.652772 0.158050
0.087853 0.912127 0.000010 0.000010
0.000010 0.465654 0.061271 0.473064
0.000010 0.345737 0.571036 0.083217
0.000010 0.000010 0.000010 0.999970
0.000010 0.000010 0.000010 0.999970
0.000010 0.000010 0.000010 0.999970
0.000010 0.000010 0.000010 0.999970
0.000010 0.000010 0.329948 0.670032
0.000010 0.000010 0.509215 0.490765
0.000010 0.000010 0.000010 0.999970
0.000010 0.525039 0.000010 0.474941
0.216365 0.473314 0.000010 0.310311
0.000010 0.871797 0.000010 0.128183
0.000010 0.999970 0.000010 0.000010
0.000010 0.000010 0.000010 0.999970
0.000010 0.000010 0.000010 0.999970
0.000010 0.090053 0.000010 0.909927
0.000010 0.000010 0.576566 0.423414
0.000010 0.000010 0.000010 0.999970
0.000010 0.000010 0.102485 0.897495
0.000010 0.684720 0.032097 0.283173
0.000010 0.000010 0.000010 0.999970
0.000010 0.597103 0.000010 0.402877
0.157925 0.842055 0.000010 0.000010
0.000010 0.000010 0.432511 0.567469
0.000010 0.763869 0.000010 0.236111
0.000010 0.000010 0.000010 0.999970
0.000010 0.000010 0.326350 0.673630
0.000010 0.217505 0.299215 0.483270
0.000010 0.000010 0.000010 0.999970
0.000010 0.447048 0.000010 0.552932
0.000010 0.020035 0.000010 0.979945
0.000010 0.268553 0.111512 0.619925
0.000010 0.000010 0.000010 0.999970
0.000010 0.000010 0.000010 0.999970
0.000010 0.277295 0.000010 0.722685
0.000010 0.632678 0.008535 0.358777
0.000015 0.127122 0.000010 0.872853
0.000010 0.000010 0.000010 0.999970
0.000010 0.000010 0.000010 0.999970
0.440635 0.559345 0.000010 0.000010
0.000010 0.000010 0.000010 0.999970
0.000019 0.000010 0.000010 0.999961
0.000010 0.000010 0.106872 0.893108
0.000010 0.007798 0.726482 0.265711
0.000010 0.000010 0.392328 0.607652
0.143769 0.479867 0.376354 0.000010
0.117899 0.670546 0.000010 0.211545
0.000010 0.000010 0.000010 0.999970
0.000010 0.000010 0.225968 0.774012
0.000010 0.127403 0.353816 0.518771
0.000010 0.000010 0.735756 0.264224
0.000010 0.000010 0.000010 0.999970
0.000010 0.000010 0.000010 0.999970
0.000010 0.000010 0.000010 0.999970
0.000010 0.669714 0.000010 0.330266
0.294945 0.705035 0.000010 0.000010
0.642812 0.290302 0.000010 0.066876
