0.000010 0.999950 0.000010 0.000010 0.000010 0.000010
0.188841 0.238430 0.000010 0.000010 0.000010 0.572699
0.427458 0.363807 0.000010 0.062068 0.000010 0.146647
0.000447 0.795020 0.015156 0.000010 0.120238 0.069129
0.379457 0.539764 0.011324 0.000010 0.000010 0.069435
0.344645 0.255752 0.000010 0.000010 0.189074 0.210509
0.590745 0.310949 0.066025 0.032261 0.000010 0.000010
0.357405 0.628117 0.014449 0.000010 0.000010 0.000010
0.400697 0.369627 0.037285 0.177564 0.000010 0.014817
0.284312 0.029948 0.083339 0.054347 0.160664 0.387391
0.030618 0.584645 0.001460 0.000010 0.340720 0.042548
0.260897 0.189559 0.027617 0.000010 0.082363 0.439553
0.089376 0.645286 0.000010 0.000010 0.000010 0.265308
0.199990 0.705681 0.000010 0.000010 0.000010 0.094299
0.206637 0.130404 0.000010 0.000010 0.000010 0.662929
0.463514 0.314175 0.000010 0.035205 0.092336 0.094759
0.000010 0.999950 0.000010 0.000010 0.000010 0.000010
0.113889 0.738979 0.024717 0.021884 0.100521 0.000010
0.219725 0.146456 0.046620 0.023524 0.000010 0.563665
0.379267 0.046153 0.182359 0.115233 0.119680 0.157309
0.393294 0.454436 0.015695 0.019329 0.088681 0.028564
0.165724 0.115412 0.008299 0.000010 0.185013 0.525542
0.213543 0.115660 0.016142 0.190492 0.061186 0.402976
0.000010 0.661875 0.088975 0.000010 0.249120 0.000010
0.000010 0.942568 0.057392 0.000010 0.000010 0.000010
0.241976 0.052711 0.041490 0.000010 0.145055 0.518758
0.566637 0.293934 0.045831 0.000010 0.000010 0.093578
0.490873 0.415099 0.064863 0.000010 0.000010 0.029146
0.385694 0.403612 0.035917 0.070418 0.020177 0.084182
0.125530 0.041160 0.087958 0.280791 0.006748 0.457813
0.379575 0.414028 0.018299 0.000010 0.188078 0.000010
0.176848 0.706706 0.062054 0.006029 0.048353 0.000010
0.127767 0.102791 0.015644 0.000010 0.282640 0.471148
0.044126 0.011483 0.066659 0.011067 0.000010 0.866655
0.572137 0.292135 0.045696 0.000010 0.000010 0.090011
0.417137 0.230039 0.009709 0.073232 0.000010 0.269874
0.000010 0.198441 0.127484 0.277798 0.257414 0.138853
0.298593 0.000010 0.074950 0.438068 0.004605 0.183774
0.174639 0.405487 0.082505 0.144679 0.067593 0.125096
0.299225 0.489252 0.000010 0.000010 0.000010 0.211492
0.252944 0.007687 0.083272 0.000010 0.000010 0.656077
0.207058 0.679696 0.030067 0.000010 0.083158 0.000010
0.327824 0.000010 0.000010 0.043082 0.180270 0.448804
0.150429 0.439894 0.000010 0.054450 0.131110 0.224108
0.000010 0.999950 0.000010 0.000010 0.000010 0.000010
0.433239 0.453255 0.016431 0.097056 0.000010 0.000010
0.255490 0.108099 0.067418 0.022516 0.546467 0.000010
0.888730 0.100462 0.010779 0.000010 0.000010 0.000010
0.173724 0.731000 0.085471 0.000010 0.009785 0.000010
0.000010 0.999950 0.000010 0.000010 0.000010 0.000010
0.327851 0.378666 0.052981 0.126892 0.000010 0.113600
0.562589 0.202078 0.062875 0.078351 0.022909 0.071198
0.363293 0.000010 0.017298 0.000010 0.225018 0.394371
0.034095 0.047771 0.043705 0.162088 0.360003 0.352337
0.525159 0.261632 0.050243 0.104732 0.058223 0.000010
0.183987 0.531595 0.023752 0.000010 0.036246 0.224409
0.246912 0.034565 0.026903 0.219674 0.306773 0.165172
0.325698 0.357917 0.036661 0.141551 0.000010 0.138163
0.444363 0.248204 0.014570 0.126169 0.000010 0.166683
0.210522 0.000010 0.012788 0.000010 0.161795 0.614875
0.302337 0.668680 0.028954 0.000010 0.000010 0.000010
0.721838 0.000010 0.082917 0.028915 0.106015 0.060305
0.189717 0.253190 0.098389 0.052485 0.139872 0.266347
0.557092 0.234864 0.021512 0.186512 0.000010 0.000010
0.167440 0.290827 0.000010 0.125194 0.261377 0.155152
0.221958 0.000010 0.034600 0.000010 0.213988 0.529435
0.211344 0.490442 0.000010 0.095035 0.046974 0.156195
0.016123 0.311182 0.053798 0.205765 0.289889 0.123243
0.186461 0.698469 0.037691 0.000010 0.000010 0.077360
0.212410 0.541338 0.014850 0.000010 0.000010 0.231381
0.413616 0.038099 0.023804 0.006960 0.277282 0.240239
0.000010 0.077939 0.027763 0.289923 0.051006 0.553359
0.229265 0.195166 0.066208 0.430046 0.000010 0.079304
0.381984 0.076841 0.020080 0.153084 0.000010 0.368001
0.153045 0.000010 0.075538 0.067891 0.219868 0.483648
0.053717 0.100669 0.017662 0.190158 0.440580 0.197213
0.000010 0.132503 0.053694 0.441767 0.163874 0.208152
0.003824 0.100150 0.093626 0.000010 0.802379 0.000010
0.000010 0.115577 0.097585 0.000010 0.561510 0.225307
0.016037 0.000010 0.043998 0.175260 0.528456 0.236240
0.000010 0.020693 0.045264 0.083311 0.306701 0.544021
0.002377 0.000010 0.082620 0.691238 0.223745 0.000010
0.000010 0.141049 0.068848 0.660781 0.074226 0.055085
0.063819 0.196401 0.036695 0.162817 0.297098 0.243171
0.000010 0.120133 0.016027 0.000010 0.863809 0.000010
0.000010 0.000010 0.032399 0.000010 0.967561 0.000010
0.438238 0.102308 0.000010 0.260541 0.152952 0.045951
0.000010 0.358153 0.000010 0.012734 0.472711 0.156382
0.063674 0.035826 0.000010 0.125436 0.360124 0.414929
0.195810 0.105013 0.030376 0.000010 0.039553 0.629238
0.108549 0.129449 0.115855 0.167730 0.235474 0.242944
0.120431 0.000010 0.031917 0.268261 0.474856 0.104525
0.006434 0.023503 0.039392 0.056351 0.849861 0.024458
0.174113 0.000010 0.098070 0.050556 0.310354 0.366897
0.000010 0.264967 0.058302 0.516143 0.120916 0.039661
0.000137 0.017764 0.000010 0.162804 0.819276 0.000010
0.000010 0.000010 0.000010 0.292432 0.391648 0.315890
0.152609 0.251734 0.118711 0.159817 0.122707 0.194422
0.075947 0.000010 0.000010 0.074159 0.849864 0.000010
0.221827 0.000010 0.032808 0.000010 0.281211 0.464133
0.108356 0.000010 0.034161 0.093513 0.228963 0.534998
0.072811 0.192927 0.051219 0.182478 0.331852 0.168712
0.318844 0.036488 0.045575 0.000010 0.330428 0.268655
0.154744 0.153506 0.093042 0.257606 0.202603 0.138499
0.052249 0.132978 0.023520 0.190666 0.343174 0.257413
0.181254 0.030591 0.106456 0.077531 0.349348 0.254820
0.172616 0.070862 0.042590 0.049270 0.295066 0.369597
0.258642 0.084542 0.014763 0.055969 0.205495 0.380589
0.000010 0.066034 0.000010 0.085338 0.524146 0.324462
0.214031 0.077705 0.036654 0.466064 0.205536 0.000010
0.086169 0.000010 0.056275 0.108226 0.218357 0.530963
0.107126 0.071229 0.043246 0.248682 0.513570 0.016147
0.307506 0.000010 0.117714 0.574749 0.000010 0.000010
0.276526 0.118669 0.090568 0.008913 0.309529 0.195796
0.000010 0.000010 0.024289 0.167394 0.727243 0.081054
0.275666 0.068185 0.058124 0.168082 0.126541 0.303403
0.000010 0.000010 0.000010 0.372129 0.400728 0.227113
0.627620 0.000010 0.000010 0.081819 0.000010 0.290531
0.000010 0.000010 0.000010 0.163276 0.836684 0.000010
0.120330 0.121732 0.034568 0.000010 0.117184 0.606175
0.000010 0.138743 0.000010 0.219141 0.586305 0.055792
0.043518 0.085519 0.043627 0.325120 0.502206 0.000010
0.068280 0.126206 0.026546 0.000010 0.443684 0.335274
0.035608 0.146271 0.105530 0.059691 0.406559 0.246341
0.000010 0.280382 0.057043 0.018899 0.383864 0.259802
0.066373 0.042547 0.098365 0.327176 0.065697 0.399841
0.424985 0.000010 0.102871 0.086171 0.136592 0.249371
0.000010 0.110155 0.046724 0.167029 0.575821 0.100262
0.067193 0.191968 0.019530 0.172984 0.145467 0.402857
0.224928 0.139717 0.000010 0.132593 0.440357 0.062396
0.065654 0.136381 0.157794 0.212613 0.306543 0.121015
0.140890 0.000010 0.086238 0.326833 0.446018 0.000010
0.012564 0.096380 0.005912 0.183663 0.600047 0.101433
0.000010 0.000010 0.075094 0.294576 0.630300 0.000010
0.195227 0.000010 0.012158 0.000010 0.457847 0.334747
0.167407 0.170862 0.060286 0.587007 0.000010 0.014428
0.068658 0.000010 0.053642 0.138809 0.576296 0.162586
0.000010 0.124986 0.006242 0.149483 0.234791 0.484487
0.177014 0.301194 0.054253 0.070892 0.323264 0.073384
0.118150 0.159227 0.116924 0.000010 0.604297 0.001392
0.482776 0.086775 0.000010 0.173087 0.143485 0.113867
0.106543 0.000010 0.029146 0.864281 0.000010 0.000010
0.000010 0.121139 0.000010 0.148339 0.095653 0.634849
0.062915 0.189852 0.049801 0.152158 0.289391 0.255882
0.051773 0.132087 0.065398 0.249094 0.325661 0.175988
0.266838 0.160968 0.062416 0.023228 0.110971 0.375579
0.188588 0.107121 0.040929 0.325633 0.096434 0.241295
0.000010 0.000010 0.011887 0.257289 0.730794 0.000010
0.000010 0.146367 0.000010 0.078988 0.547314 0.227311
0.563098 0.181765 0.025176 0.074640 0.134135 0.021185
0.000010 0.186282 0.000010 0.168506 0.412288 0.232904
0.136886 0.063161 0.045241 0.433206 0.321495 0.000010
0.000010 0.000010 0.010080 0.000010 0.989880 0.000010
0.137186 0.063006 0.045589 0.434743 0.319465 0.000010
0.000015 0.000010 0.999944 0.000010 0.000012 0.000010
0.369774 0.073814 0.168614 0.387778 0.000010 0.000010
0.000010 0.389025 0.009136 0.155109 0.446710 0.000010
0.000010 0.000010 0.051017 0.281499 0.048951 0.618514
0.152334 0.836223 0.011413 0.000010 0.000010 0.000010
0.184531 0.039676 0.062172 0.089231 0.401985 0.222404
0.166982 0.043495 0.018705 0.301357 0.211147 0.258314
0.055515 0.000010 0.064516 0.433609 0.442431 0.003919
0.387238 0.007651 0.035141 0.000010 0.349448 0.220511
0.000010 0.221721 0.014483 0.155435 0.000010 0.608341
0.000010 0.000010 0.999950 0.000010 0.000010 0.000010
0.133237 0.000010 0.083240 0.078797 0.071568 0.633148
0.000010 0.000010 0.999950 0.000010 0.000010 0.000010
0.000010 0.228206 0.019933 0.167687 0.329444 0.254720
0.000010 0.433049 0.036424 0.000010 0.356046 0.174462
0.000010 0.150628 0.006634 0.128448 0.584149 0.130132
0.164504 0.214784 0.169313 0.427817 0.000010 0.023572
0.075871 0.241763 0.166493 0.293916 0.221947 0.000010
0.975697 0.000010 0.024263 0.000010 0.000010 0.000010
0.531634 0.000010 0.021354 0.446982 0.000010 0.000010
0.516485 0.000010 0.005221 0.235159 0.070247 0.172878
0.791099 0.000010 0.000010 0.208861 0.000010 0.000010
0.589518 0.081620 0.027065 0.251469 0.050317 0.000010
0.600229 0.127305 0.015540 0.136481 0.047710 0.072735
0.480014 0.034168 0.105382 0.380416 0.000010 0.000010
0.000010 0.000010 0.040343 0.260999 0.616529 0.082108
0.039276 0.000010 0.025156 0.489080 0.424911 0.021567
0.000010 0.085294 0.024004 0.000010 0.890672 0.000010
0.996411 0.000010 0.003549 0.000010 0.000010 0.000010
0.269528 0.000010 0.107550 0.622891 0.000010 0.000010
0.030656 0.013072 0.128010 0.808017 0.020234 0.000010
0.512426 0.000010 0.080489 0.407055 0.000010 0.000010
0.547968 0.135446 0.045756 0.069171 0.028336 0.173323
0.183255 0.054952 0.140309 0.605923 0.000010 0.015552
0.446849 0.052882 0.016243 0.003327 0.283758 0.196941
0.497016 0.078443 0.052457 0.210069 0.162005 0.000010
0.000010 0.000010 0.000010 0.000010 0.999950 0.000010
0.325754 0.000010 0.010088 0.485578 0.017606 0.160964
0.000010 0.000010 0.065442 0.886501 0.000010 0.048027
0.000010 0.137572 0.121539 0.321121 0.000010 0.419749
0.000010 0.000010 0.172899 0.827061 0.000010 0.000010
0.999950 0.000010 0.000010 0.000010 0.000010 0.000010
0.922496 0.000010 0.024256 0.000010 0.000010 0.053219
0.102122 0.000010 0.096344 0.666611 0.091991 0.042922
0.000010 0.081312 0.022796 0.616791 0.279080 0.000010
0.152801 0.000010 0.034378 0.768678 0.000010 0.044123
0.450084 0.000010 0.038445 0.492109 0.019342 0.000010
0.505673 0.000010 0.002107 0.492190 0.000010 0.000010
0.531937 0.138489 0.103433 0.084518 0.000010 0.141614
0.000010 0.160950 0.021686 0.268600 0.532449 0.016305
0.073846 0.008358 0.080222 0.694103 0.101881 0.041590
0.387078 0.054488 0.043177 0.000010 0.304539 0.210708
0.999950 0.000010 0.000010 0.000010 0.000010 0.000010
0.437393 0.000010 0.000010 0.337466 0.148162 0.076959
0.531184 0.141548 0.025454 0.301794 0.000010 0.000010
0.990273 0.000010 0.009687 0.000010 0.000010 0.000010
0.601254 0.000010 0.000010 0.127558 0.000010 0.271158
0.447511 0.063416 0.001361 0.126769 0.003540 0.357403
0.828750 0.049731 0.000010 0.119342 0.000010 0.002158
0.474214 0.158569 0.098659 0.164739 0.103809 0.000010
0.080119 0.211285 0.000010 0.219259 0.398439 0.090888
0.000010 0.190450 0.059320 0.000010 0.579141 0.171069
0.012564 0.112726 0.067550 0.152556 0.530126 0.124479
0.478618 0.000010 0.048153 0.473199 0.000010 0.000010
0.680320 0.000010 0.046206 0.240729 0.000010 0.032725
0.350736 0.000010 0.097473 0.445600 0.106171 0.000010
0.520797 0.152849 0.022966 0.000010 0.045038 0.258340
0.729882 0.000010 0.024307 0.239482 0.006309 0.000010
0.676053 0.076061 0.021841 0.065066 0.071326 0.089653
0.178476 0.000010 0.057237 0.059118 0.250111 0.455049
0.501940 0.000010 0.000010 0.498020 0.000010 0.000010
0.000010 0.000010 0.007503 0.058625 0.000010 0.933842
0.000010 0.000010 0.000010 0.110232 0.627638 0.262100
0.625830 0.198769 0.001524 0.000010 0.060444 0.113422
0.065031 0.097958 0.052689 0.100827 0.576087 0.107408
0.518605 0.049415 0.139536 0.244316 0.048119 0.000010
0.555356 0.000010 0.035463 0.024584 0.157625 0.226962
0.140693 0.044600 0.063650 0.751037 0.000010 0.000010
0.722681 0.025274 0.087581 0.161039 0.003415 0.000010
0.385821 0.000010 0.092269 0.006199 0.023444 0.492257
0.218740 0.000010 0.227733 0.540577 0.012930 0.000010
0.273038 0.165157 0.003507 0.197807 0.274862 0.085630
0.284530 0.000010 0.009987 0.584236 0.121227 0.000010
0.481472 0.000010 0.033256 0.000010 0.000010 0.485242
0.159615 0.037976 0.041677 0.321989 0.438733 0.000010
0.110729 0.072915 0.084118 0.450937 0.136234 0.145067
0.262517 0.000010 0.177262 0.408283 0.128307 0.023620
0.532369 0.000010 0.027943 0.258232 0.085731 0.095715
0.660162 0.000010 0.000010 0.339798 0.000010 0.000010
0.000010 0.434354 0.036639 0.000010 0.352432 0.176555
0.426488 0.000010 0.010060 0.479033 0.084399 0.000010
0.464837 0.103525 0.032675 0.377340 0.021613 0.000010
0.745395 0.087969 0.000010 0.166606 0.000010 0.000010
0.330640 0.148658 0.000010 0.056784 0.142957 0.320950
0.534991 0.013698 0.008454 0.021447 0.117757 0.303654
0.000010 0.134226 0.143975 0.000010 0.000010 0.721769
0.049564 0.273248 0.052086 0.066170 0.476369 0.082563
0.478092 0.134879 0.023505 0.344206 0.019309 0.000010
0.986508 0.013452 0.000010 0.000010 0.000010 0.000010
0.652422 0.114828 0.003730 0.000010 0.062879 0.166131
0.361853 0.122419 0.021618 0.000010 0.108151 0.385950
0.989023 0.000010 0.010937 0.000010 0.000010 0.000010
0.227770 0.000010 0.027062 0.608352 0.136796 0.000010
0.804460 0.000010 0.021415 0.141447 0.000010 0.032657
0.024409 0.000010 0.027874 0.177505 0.770192 0.000010
0.000010 0.350896 0.045710 0.000010 0.575573 0.027800
0.133888 0.552881 0.036466 0.015817 0.260938 0.000010
