0.000010 0.000010 0.000010 0.000010 0.000010 0.000010 0.378267 0.000010 0.000010 0.621653
0.814648 0.000010 0.000010 0.000010 0.000010 0.000010 0.170484 0.000010 0.000010 0.014798
0.000010 0.522488 0.000010 0.000010 0.000010 0.025220 0.159013 0.232027 0.000010 0.061202
0.000010 0.000010 0.000010 0.000010 0.000010 0.000010 0.999910 0.000010 0.000010 0.000010
0.000010 0.136770 0.000010 0.000010 0.000010 0.000010 0.107798 0.306138 0.000010 0.449234
0.308062 0.078325 0.000010 0.000010 0.000010 0.020041 0.000010 0.302921 0.000010 0.290601
0.000010 0.603468 0.000010 0.000010 0.011342 0.002320 0.000010 0.382810 0.000010 0.000010
0.000010 0.000010 0.000010 0.000010 0.000010 0.000010 0.855974 0.143946 0.000010 0.000010
0.000010 0.999910 0.000010 0.000010 0.000010 0.000010 0.000010 0.000010 0.000010 0.000010
0.740800 0.000010 0.000010 0.000010 0.058422 0.000010 0.115175 0.085543 0.000010 0.000010
0.000010 0.000010 0.000010 0.000010 0.000010 0.000010 0.999910 0.000010 0.000010 0.000010
0.518534 0.208450 0.197044 0.000010 0.000010 0.000010 0.055735 0.000010 0.000010 0.020187
0.096351 0.007543 0.163924 0.000010 0.000010 0.000010 0.172564 0.071149 0.000010 0.488428
0.000010 0.000010 0.000010 0.000010 0.000010 0.000010 0.862756 0.002125 0.000010 0.135050
0.763293 0.000010 0.153477 0.000010 0.000010 0.000010 0.080812 0.002357 0.000010 0.000010
0.252593 0.295260 0.000010 0.000010 0.000010 0.000010 0.000010 0.201823 0.000010 0.250265
0.000010 0.000010 0.000010 0.000010 0.000010 0.000010 0.000010 0.000010 0.000010 0.999910
0.000010 0.000010 0.000010 0.000010 0.000010 0.000010 0.999910 0.000010 0.000010 0.000010
0.432142 0.020230 0.298192 0.000010 0.000010 0.000010 0.050855 0.117720 0.000010 0.080821
0.209580 0.221761 0.001619 0.195188 0.102401 0.000010 0.000010 0.269411 0.000010 0.000010
0.000010 0.484505 0.000010 0.000010 0.000010 0.000010 0.515415 0.000010 0.000010 0.000010
0.579238 0.000010 0.322647 0.000010 0.000010 0.000010 0.000010 0.098046 0.000010 0.000010
0.446944 0.000010 0.069892 0.000010 0.000010 0.000010 0.000010 0.000010 0.483094 0.000010
0.000010 0.000010 0.000010 0.000010 0.000010 0.000010 0.999910 0.000010 0.000010 0.000010
0.000010 0.000010 0.000010 0.000010 0.000010 0.000010 0.544574 0.000010 0.000010 0.455346
0.712488 0.000010 0.080637 0.000010 0.000010 0.000010 0.096215 0.110600 0.000010 0.000010
0.000010 0.999910 0.000010 0.000010 0.000010 0.000010 0.000010 0.000010 0.000010 0.000010
0.000010 0.735792 0.000010 0.000010 0.000010 0.000010 0.264128 0.000010 0.000010 0.000010
0.000010 0.562483 0.000010 0.000010 0.017947 0.000010 0.260404 0.093492 0.000010 0.065625
0.708121 0.000010 0.000010 0.000010 0.155722 0.000010 0.000010 0.000010 0.136087 0.000010
0.000010 0.655576 0.000010 0.000010 0.000010 0.055180 0.289174 0.000010 0.000010 0.000010
0.000010 0.000010 0.000010 0.000010 0.000010 0.000010 0.999910 0.000010 0.000010 0.000010
0.680807 0.000010 0.000010 0.000010 0.000010 0.145128 0.092902 0.017203 0.063911 0.000010
0.999910 0.000010 0.000010 0.000010 0.000010 0.000010 0.000010 0.000010 0.000010 0.000010
0.000010 0.999910 0.000010 0.000010 0.000010 0.000010 0.000010 0.000010 0.000010 0.000010
0.277988 0.645015 0.000010 0.000010 0.000010 0.000010 0.000010 0.076926 0.000010 0.000010
0.038965 0.000010 0.187896 0.154129 0.153082 0.227768 0.026126 0.000010 0.151327 0.060686
0.055237 0.000010 0.000010 0.000010 0.503609 0.000010 0.000010 0.441084 0.000010 0.000010
0.066992 0.128803 0.050936 0.000010 0.264992 0.000010 0.400055 0.044636 0.000010 0.043556
0.002400 0.389871 0.000010 0.000010 0.000010 0.000010 0.000010 0.237890 0.000010 0.369780
0.999910 0.000010 0.000010 0.000010 0.000010 0.000010 0.000010 0.000010 0.000010 0.000010
0.000010 0.000010 0.000010 0.000010 0.000010 0.000010 0.999910 0.000010 0.000010 0.000010
0.496314 0.000010 0.192726 0.000010 0.000010 0.025458 0.000010 0.285441 0.000010 0.000010
0.246918 0.054816 0.013862 0.000010 0.000010 0.000010 0.239521 0.000010 0.103859 0.340983
0.000010 0.000010 0.000010 0.000010 0.000010 0.000010 0.000010 0.000010 0.000010 0.999910
0.000010 0.293697 0.000010 0.000010 0.000010 0.000010 0.530384 0.068686 0.000010 0.107173
0.000010 0.000010 0.000010 0.323286 0.000010 0.491791 0.000010 0.184852 0.000010 0.000010
0.000010 0.109568 0.000010 0.000010 0.000010 0.000010 0.000010 0.890352 0.000010 0.000010
0.000010 0.000010 0.000010 0.000010 0.000010 0.023886 0.377634 0.173372 0.000010 0.425048
0.000010 0.000010 0.000010 0.000010 0.000010 0.000010 0.000010 0.000010 0.000010 0.999910
0.000010 0.806437 0.000010 0.000010 0.000010 0.027294 0.166200 0.000010 0.000010 0.000010
0.000010 0.999910 0.000010 0.000010 0.000010 0.000010 0.000010 0.000010 0.000010 0.000010
0.715469 0.000010 0.000010 0.000010 0.000010 0.000010 0.000010 0.284451 0.000010 0.000010
0.038705 0.000010 0.617635 0.000010 0.000010 0.341400 0.000010 0.002200 0.000010 0.000010
0.000010 0.605410 0.000010 0.000010 0.058853 0.004687 0.065820 0.265180 0.000010 0.000010
0.193448 0.000010 0.062109 0.000010 0.000010 0.000010 0.729279 0.015104 0.000010 0.000010
0.093216 0.000010 0.000010 0.000010 0.005535 0.317235 0.000010 0.243736 0.340228 0.000010
0.081630 0.292785 0.000010 0.000010 0.061736 0.000010 0.388493 0.109425 0.000010 0.065891
0.000010 0.887699 0.000010 0.000010 0.000010 0.004672 0.000010 0.107559 0.000010 0.000010
0.999910 0.000010 0.000010 0.000010 0.000010 0.000010 0.000010 0.000010 0.000010 0.000010
0.000010 0.000010 0.000010 0.000010 0.000010 0.000010 0.981437 0.018483 0.000010 0.000010
0.249041 0.000010 0.000010 0.000010 0.000010 0.000010 0.000010 0.750879 0.000010 0.000010
0.084043 0.027540 0.327902 0.161251 0.000010 0.000010 0.158545 0.034210 0.045204 0.161285
0.000010 0.397534 0.000010 0.000010 0.193744 0.000010 0.000010 0.408651 0.000010 0.000010
0.000010 0.414642 0.074649 0.000010 0.003396 0.294989 0.212273 0.000010 0.000010 0.000010
0.620431 0.000010 0.307284 0.000010 0.000010 0.000010 0.000010 0.072215 0.000010 0.000010
0.068141 0.000010 0.027957 0.000010 0.000010 0.000010 0.229540 0.192320 0.000010 0.481991
0.000010 0.000010 0.363145 0.000010 0.044256 0.241422 0.000010 0.053886 0.297242 0.000010
0.000010 0.000010 0.000010 0.000010 0.000010 0.000010 0.999910 0.000010 0.000010 0.000010
0.000010 0.328443 0.000010 0.000010 0.000010 0.000010 0.349956 0.041003 0.000010 0.280538
0.412426 0.000010 0.000010 0.000010 0.000010 0.072497 0.000010 0.336823 0.178194 0.000010
0.236106 0.058192 0.456135 0.000010 0.051042 0.000010 0.079185 0.000010 0.119300 0.000010
0.000010 0.346891 0.000010 0.000010 0.406486 0.000010 0.000010 0.023132 0.000010 0.223431
0.335605 0.285858 0.061538 0.000010 0.138914 0.000010 0.000010 0.178035 0.000010 0.000010
0.753841 0.000010 0.140321 0.000010 0.000010 0.105329 0.000010 0.000449 0.000010 0.000010
0.000010 0.000010 0.214697 0.000010 0.000010 0.260582 0.000010 0.059097 0.465565 0.000010
0.000010 0.000010 0.393717 0.000010 0.353822 0.009762 0.242639 0.000010 0.000010 0.000010
0.000010 0.000010 0.239297 0.224398 0.000010 0.536235 0.000010 0.000010 0.000010 0.000010
0.000010 0.000010 0.209344 0.000010 0.000010 0.479465 0.000010 0.000010 0.311122 0.000010
0.169072 0.000010 0.000010 0.000010 0.049048 0.646614 0.000010 0.135206 0.000010 0.000010
0.036619 0.000010 0.747530 0.000010 0.000010 0.215781 0.000010 0.000010 0.000010 0.000010
0.000010 0.000010 0.000010 0.000010 0.722313 0.277607 0.000010 0.000010 0.000010 0.000010
0.000010 0.000010 0.000010 0.000010 0.532826 0.097474 0.369630 0.000010 0.000010 0.000010
0.160305 0.000010 0.247229 0.000010 0.044347 0.074836 0.000010 0.033085 0.440158 0.000010
0.000010 0.000010 0.000010 0.000010 0.000010 0.807706 0.192214 0.000010 0.000010 0.000010
0.000010 0.000010 0.000010 0.000010 0.000010 0.999910 0.000010 0.000010 0.000010 0.000010
0.000010 0.137596 0.196401 0.000010 0.366268 0.000010 0.000010 0.299675 0.000010 0.000010
0.000010 0.000010 0.290309 0.000010 0.000010 0.370194 0.317007 0.000010 0.000010 0.022430
0.000010 0.000010 0.594135 0.000010 0.000010 0.124378 0.000010 0.130543 0.150884 0.000010
0.895821 0.000010 0.000010 0.000010 0.000010 0.000010 0.104099 0.000010 0.000010 0.000010
0.000010 0.000010 0.760977 0.000010 0.093654 0.000010 0.080249 0.065060 0.000010 0.000010
0.000010 0.000010 0.000010 0.000010 0.154352 0.405937 0.000010 0.069648 0.370003 0.000010
0.000010 0.000010 0.000010 0.000010 0.000010 0.954133 0.000010 0.045787 0.000010 0.000010
0.949226 0.000010 0.000010 0.000010 0.000010 0.050694 0.000010 0.000010 0.000010 0.000010
0.064726 0.000010 0.000010 0.000010 0.406191 0.130649 0.398373 0.000010 0.000010 0.000010
0.000010 0.000013 0.000010 0.000010 0.000010 0.999907 0.000010 0.000010 0.000010 0.000010
0.000010 0.000010 0.165511 0.000010 0.000010 0.766155 0.000010 0.068264 0.000010 0.000010
0.061180 0.076526 0.238387 0.132198 0.011433 0.000010 0.127345 0.032998 0.299148 0.020775
0.000010 0.000010 0.080517 0.000010 0.000010 0.896411 0.000010 0.023002 0.000010 0.000010
0.999910 0.000010 0.000010 0.000010 0.000010 0.000010 0.000010 0.000010 0.000010 0.000010
0.639576 0.000010 0.000010 0.000010 0.000010 0.328936 0.000010 0.031418 0.000010 0.000010
0.239240 0.000010 0.000010 0.000010 0.021827 0.601065 0.000010 0.029885 0.000010 0.107934
0.081511 0.090843 0.306387 0.000010 0.006217 0.177494 0.000010 0.304915 0.032603 0.000010
0.000010 0.000010 0.000010 0.000010 0.000010 0.000010 0.000010 0.000010 0.999910 0.000010
0.000010 0.000010 0.000010 0.000010 0.000010 0.000010 0.000010 0.000010 0.999910 0.000010
0.124436 0.000010 0.155921 0.148190 0.057359 0.101239 0.000010 0.250912 0.161912 0.000010
0.560803 0.000010 0.000010 0.000010 0.000010 0.331837 0.000010 0.107291 0.000010 0.000010
0.611292 0.000010 0.033317 0.000010 0.048589 0.053763 0.000010 0.155144 0.097856 0.000010
0.000010 0.000010 0.409719 0.000010 0.000010 0.590201 0.000010 0.000010 0.000010 0.000010
0.000010 0.000010 0.082802 0.000010 0.590438 0.159582 0.000010 0.167118 0.000010 0.000010
0.174525 0.000010 0.315391 0.000010 0.000010 0.000010 0.000010 0.027141 0.482883 0.000010
0.048202 0.000010 0.012325 0.000010 0.091245 0.413527 0.000010 0.155981 0.278679 0.000010
0.000010 0.000010 0.000010 0.000010 0.708757 0.000010 0.000010 0.291163 0.000010 0.000010
0.330806 0.000010 0.203576 0.101608 0.000010 0.000010 0.000010 0.118199 0.245761 0.000010
0.000010 0.000010 0.018006 0.000010 0.000010 0.769966 0.000010 0.060814 0.151153 0.000010
0.190217 0.000010 0.118928 0.000010 0.463538 0.000010 0.000010 0.176070 0.051197 0.000010
0.000010 0.000010 0.000010 0.000010 0.062086 0.924225 0.000010 0.013618 0.000010 0.000010
0.186885 0.000010 0.000010 0.000010 0.000010 0.000010 0.000010 0.813035 0.000010 0.000010
0.000010 0.000010 0.000010 0.000010 0.000010 0.999910 0.000010 0.000010 0.000010 0.000010
0.579790 0.000010 0.420130 0.000010 0.000010 0.000010 0.000010 0.000010 0.000010 0.000010
0.000010 0.000010 0.000010 0.000010 0.000010 0.999910 0.000010 0.000010 0.000010 0.000010
0.000010 0.000010 0.000010 0.000010 0.133728 0.809752 0.000010 0.056450 0.000010 0.000010
0.217733 0.000010 0.305640 0.000010 0.000010 0.358495 0.000010 0.118071 0.000010 0.000010
0.000010 0.000010 0.000010 0.000010 0.000010 0.000010 0.000010 0.000010 0.999910 0.000010
0.000010 0.000010 0.000010 0.000010 0.000010 0.000010 0.118940 0.000010 0.880980 0.000010
0.000010 0.000010 0.633546 0.000010 0.366374 0.000010 0.000010 0.000010 0.000010 0.000010
0.498291 0.000010 0.000010 0.000010 0.084167 0.071009 0.000010 0.346474 0.000010 0.000010
0.000010 0.000010 0.000010 0.000010 0.073094 0.833958 0.000010 0.092878 0.000010 0.000010
0.000010 0.000010 0.783532 0.000010 0.000010 0.000010 0.151955 0.064443 0.000010 0.000010
0.000010 0.000010 0.207545 0.000010 0.017308 0.352315 0.000010 0.375408 0.047374 0.000010
0.000010 0.000010 0.000010 0.000010 0.000010 0.000010 0.000010 0.000010 0.999910 0.000010
0.000010 0.000010 0.000010 0.000010 0.323021 0.249231 0.000010 0.016907 0.410781 0.000010
0.000010 0.000010 0.073977 0.000010 0.197675 0.712214 0.000010 0.016074 0.000010 0.000010
0.000010 0.000010 0.000010 0.000010 0.293360 0.706560 0.000010 0.000010 0.000010 0.000010
0.394093 0.000010 0.140041 0.087501 0.000010 0.187937 0.000010 0.102934 0.087453 0.000010
0.000010 0.000010 0.000010 0.000010 0.999910 0.000010 0.000010 0.000010 0.000010 0.000010
0.000010 0.000010 0.000010 0.000010 0.000010 0.360519 0.000010 0.062467 0.576943 0.000010
0.000010 0.000010 0.776616 0.000010 0.000010 0.101477 0.000010 0.000010 0.070031 0.051817
0.000010 0.000010 0.000010 0.000010 0.000010 0.122809 0.000010 0.188395 0.688726 0.000010
0.000010 0.000010 0.999910 0.000010 0.000010 0.000010 0.000010 0.000010 0.000010 0.000010
0.000010 0.000010 0.237988 0.000010 0.010376 0.102211 0.000010 0.649364 0.000010 0.000010
0.000010 0.000010 0.000010 0.000010 0.812358 0.164760 0.000010 0.022813 0.000010 0.000010
0.000010 0.000010 0.999910 0.000010 0.000010 0.000010 0.000010 0.000010 0.000010 0.000010
0.000010 0.000010 0.000010 0.000010 0.002929 0.369344 0.000010 0.091121 0.536546 0.000010
0.052350 0.000010 0.016237 0.004312 0.578287 0.098106 0.000010 0.000010 0.250668 0.000010
0.444162 0.000010 0.000010 0.000010 0.000010 0.000010 0.098674 0.121653 0.335451 0.000010
0.000010 0.000010 0.323211 0.000010 0.153056 0.013337 0.014787 0.112204 0.383365 0.000010
0.000010 0.000010 0.000010 0.000010 0.000010 0.999910 0.000010 0.000010 0.000010 0.000010
0.000010 0.000010 0.262555 0.000010 0.000010 0.582514 0.154861 0.000010 0.000010 0.000010
0.000010 0.272952 0.000010 0.000010 0.000010 0.000010 0.000010 0.413473 0.313505 0.000010
0.196999 0.000010 0.000010 0.000010 0.000010 0.416394 0.386537 0.000010 0.000010 0.000010
0.000010 0.000010 0.000010 0.000010 0.429451 0.535338 0.000010 0.035141 0.000010 0.000010
0.000010 0.000010 0.000010 0.000010 0.000010 0.999910 0.000010 0.000010 0.000010 0.000010
0.000010 0.000010 0.000010 0.000010 0.431150 0.533793 0.000010 0.034987 0.000010 0.000010
0.000014 0.000015 0.000010 0.999902 0.000010 0.000010 0.000010 0.000010 0.000010 0.000010
0.000010 0.000010 0.000010 0.056172 0.512451 0.000010 0.000010 0.431307 0.000010 0.000010
0.000010 0.000010 0.000010 0.000010 0.000010 0.575838 0.177449 0.000010 0.000010 0.246642
0.029316 0.000010 0.626837 0.000010 0.098004 0.159624 0.000010 0.086170 0.000010 0.000010
0.000010 0.000010 0.000010 0.000010 0.000010 0.000010 0.999910 0.000010 0.000010 0.000010
0.000010 0.000010 0.961760 0.000010 0.000010 0.024727 0.000010 0.013444 0.000010 0.000010
0.443750 0.058411 0.068770 0.000010 0.078521 0.201068 0.149440 0.000010 0.000010 0.000010
0.000010 0.000010 0.000010 0.000010 0.464948 0.379530 0.000010 0.155452 0.000010 0.000010
0.066248 0.000010 0.075651 0.146433 0.000010 0.242298 0.000010 0.446820 0.022510 0.000010
0.000010 0.000010 0.773052 0.000010 0.008949 0.000010 0.095606 0.000010 0.000010 0.122333
0.000010 0.000012 0.000010 0.999908 0.000010 0.000010 0.000010 0.000010 0.000010 0.000010
0.832682 0.000010 0.000010 0.000010 0.000010 0.167238 0.000010 0.000010 0.000010 0.000010
0.000011 0.000010 0.000010 0.999907 0.000010 0.000010 0.000010 0.000010 0.000013 0.000010
0.000010 0.000010 0.000010 0.000010 0.000010 0.205544 0.041171 0.000010 0.736941 0.016283
0.000010 0.000010 0.668179 0.000010 0.000010 0.000010 0.319988 0.000010 0.000010 0.011763
0.000010 0.000010 0.000010 0.000010 0.000010 0.888571 0.000010 0.000010 0.000010 0.111349
0.000010 0.105744 0.000010 0.416222 0.435137 0.000010 0.000010 0.003666 0.000010 0.039181
0.000010 0.000010 0.000010 0.000010 0.165061 0.000010 0.000010 0.000010 0.834859 0.000010
0.000010 0.000010 0.000010 0.000010 0.000010 0.000010 0.000010 0.999910 0.000010 0.000010
0.000010 0.000010 0.000010 0.000010 0.407574 0.000010 0.000010 0.592346 0.000010 0.000010
0.038826 0.000010 0.000010 0.000010 0.148318 0.067895 0.000010 0.744900 0.000010 0.000010
0.000010 0.000010 0.000010 0.000010 0.011966 0.000010 0.000010 0.987954 0.000010 0.000010
0.000010 0.111480 0.000010 0.000010 0.170062 0.030776 0.000010 0.662951 0.000010 0.024680
0.025466 0.246945 0.000010 0.000010 0.115634 0.000010 0.000010 0.611895 0.000010 0.000010
0.000010 0.000010 0.000010 0.000010 0.518742 0.000010 0.000010 0.481178 0.000010 0.000010
0.000010 0.000010 0.000010 0.000010 0.000010 0.999910 0.000010 0.000010 0.000010 0.000010
0.000010 0.000010 0.000010 0.000010 0.452682 0.488512 0.000010 0.058736 0.000010 0.000010
0.000010 0.000010 0.000010 0.000010 0.000010 0.999910 0.000010 0.000010 0.000010 0.000010
0.000010 0.000010 0.000010 0.000010 0.000010 0.000010 0.000010 0.999910 0.000010 0.000010
0.000010 0.000010 0.000010 0.000010 0.716472 0.000010 0.000010 0.283448 0.000010 0.000010
0.000010 0.000010 0.000010 0.000010 0.999910 0.000010 0.000010 0.000010 0.000010 0.000010
0.000010 0.000010 0.000010 0.000010 0.422193 0.000010 0.000010 0.577727 0.000010 0.000010
0.213609 0.292280 0.000010 0.001790 0.009327 0.077230 0.000010 0.405724 0.000010 0.000010
0.000010 0.000010 0.000010 0.000010 0.758511 0.000010 0.000010 0.241409 0.000010 0.000010
0.056649 0.171193 0.000010 0.000010 0.000010 0.214285 0.000010 0.492493 0.065329 0.000010
0.000010 0.000010 0.000010 0.000010 0.322565 0.045765 0.000010 0.631600 0.000010 0.000010
0.000010 0.000010 0.000010 0.000010 0.000010 0.999910 0.000010 0.000010 0.000010 0.000010
0.000010 0.000010 0.151933 0.000010 0.394788 0.000010 0.000010 0.453208 0.000010 0.000010
0.000010 0.000010 0.000010 0.000010 0.935348 0.000010 0.000010 0.064572 0.000010 0.000010
0.000010 0.000010 0.399240 0.000010 0.600680 0.000010 0.000010 0.000010 0.000010 0.000010
0.000010 0.000010 0.000010 0.000010 0.999910 0.000010 0.000010 0.000010 0.000010 0.000010
0.000010 0.000010 0.000010 0.000010 0.000010 0.000010 0.000010 0.999910 0.000010 0.000010
0.000010 0.000010 0.000010 0.000010 0.000010 0.000010 0.000010 0.999910 0.000010 0.000010
0.000010 0.000010 0.000010 0.000010 0.818291 0.044408 0.000010 0.137231 0.000010 0.000010
0.000010 0.000010 0.000010 0.000010 0.722319 0.242249 0.000010 0.035362 0.000010 0.000010
0.000010 0.000010 0.000010 0.000010 0.748754 0.000010 0.000010 0.251166 0.000010 0.000010
0.000010 0.000010 0.000010 0.000010 0.561328 0.000010 0.000010 0.438592 0.000010 0.000010
0.000010 0.000010 0.000010 0.000010 0.516623 0.000010 0.000010 0.483297 0.000010 0.000010
0.000010 0.000010 0.194206 0.000010 0.000010 0.000010 0.000010 0.261598 0.544125 0.000010
0.000010 0.000010 0.000010 0.000010 0.000010 0.270689 0.000010 0.000010 0.729231 0.000010
0.035795 0.000010 0.000010 0.000010 0.824597 0.139538 0.000010 0.000010 0.000010 0.000010
0.000010 0.038955 0.000010 0.000010 0.000010 0.111283 0.000010 0.274797 0.574905 0.000010
0.000010 0.000010 0.000010 0.000010 0.000010 0.000010 0.000010 0.999910 0.000010 0.000010
0.000010 0.000010 0.000010 0.000010 0.352779 0.000010 0.000010 0.647141 0.000010 0.000010
0.000010 0.000010 0.000010 0.000010 0.358738 0.000010 0.000010 0.641182 0.000010 0.000010
0.000010 0.000010 0.000010 0.000010 0.000020 0.000010 0.000010 0.999900 0.000010 0.000010
0.466835 0.000010 0.000010 0.000010 0.000010 0.000010 0.000010 0.533085 0.000010 0.000010
0.368535 0.377989 0.000010 0.000010 0.000010 0.000010 0.000010 0.253406 0.000010 0.000010
0.000010 0.000010 0.059079 0.000010 0.000010 0.000010 0.000010 0.940841 0.000010 0.000010
0.000010 0.000010 0.000010 0.030427 0.074545 0.047435 0.000010 0.455764 0.358358 0.033431
0.000010 0.000010 0.109615 0.000010 0.036883 0.513952 0.138566 0.097927 0.080330 0.022697
0.000010 0.000010 0.516003 0.000010 0.000010 0.483917 0.000010 0.000010 0.000010 0.000010
0.000010 0.000010 0.107203 0.243183 0.000010 0.590891 0.000010 0.058663 0.000010 0.000010
0.000010 0.000010 0.000010 0.000010 0.486332 0.000010 0.000010 0.513588 0.000010 0.000010
0.000010 0.000010 0.000010 0.000010 0.202824 0.000010 0.000010 0.797096 0.000010 0.000010
0.000010 0.000010 0.000010 0.000010 0.482525 0.080175 0.000010 0.437230 0.000010 0.000010
0.202799 0.490555 0.000010 0.000010 0.000010 0.000010 0.000010 0.306576 0.000010 0.000010
0.000010 0.000010 0.000010 0.000010 0.153029 0.000010 0.000010 0.846891 0.000010 0.000010
0.113538 0.000010 0.000010 0.000010 0.116311 0.001294 0.000010 0.768797 0.000010 0.000010
0.957519 0.000010 0.000010 0.000010 0.000010 0.042401 0.000010 0.000010 0.000010 0.000010
0.000010 0.000010 0.000010 0.000010 0.433944 0.000010 0.000010 0.565976 0.000010 0.000010
0.000010 0.000010 0.999910 0.000010 0.000010 0.000010 0.000010 0.000010 0.000010 0.000010
0.000010 0.000010 0.308180 0.000010 0.000010 0.577020 0.114730 0.000010 0.000010 0.000010
0.000010 0.444616 0.045335 0.000010 0.000010 0.011658 0.000010 0.498331 0.000010 0.000010
0.058869 0.000010 0.526888 0.000010 0.045227 0.351111 0.000010 0.017855 0.000010 0.000010
0.000010 0.000010 0.000010 0.000010 0.437251 0.000010 0.000010 0.562669 0.000010 0.000010
0.476988 0.000010 0.000010 0.000010 0.000010 0.005836 0.000010 0.517106 0.000010 0.000010
0.000010 0.061739 0.000010 0.000010 0.938181 0.000010 0.000010 0.000010 0.000010 0.000010
0.000010 0.000010 0.000010 0.000010 0.142939 0.000010 0.000010 0.856981 0.000010 0.000010
0.845077 0.000010 0.000010 0.000010 0.000010 0.000010 0.000010 0.154843 0.000010 0.000010
0.000010 0.000010 0.000010 0.029172 0.744563 0.000010 0.000010 0.226195 0.000010 0.000010
0.000010 0.070831 0.132651 0.000010 0.216017 0.242146 0.000010 0.338304 0.000010 0.000010
0.000010 0.000010 0.000010 0.000010 0.504996 0.179477 0.000010 0.315457 0.000010 0.000010
0.435219 0.000010 0.000010 0.000010 0.000010 0.000010 0.000010 0.564701 0.000010 0.000010
0.000010 0.000010 0.109323 0.000010 0.380936 0.265606 0.000010 0.244075 0.000010 0.000010
0.000010 0.010329 0.277865 0.000010 0.376332 0.172781 0.000010 0.000010 0.162643 0.000010
0.000010 0.000010 0.000010 0.000010 0.587405 0.068851 0.000010 0.343674 0.000010 0.000010
0.000010 0.000010 0.000010 0.000010 0.348281 0.000010 0.000010 0.651639 0.000010 0.000010
0.000010 0.000010 0.000010 0.000010 0.247446 0.000010 0.000010 0.752474 0.000010 0.000010
0.000010 0.000010 0.662802 0.000010 0.000010 0.000010 0.323280 0.000010 0.000010 0.013848
0.000010 0.000010 0.000010 0.000010 0.393370 0.092253 0.000010 0.514307 0.000010 0.000010
0.000010 0.000010 0.000010 0.000010 0.471013 0.000010 0.000010 0.528907 0.000010 0.000010
0.000010 0.140312 0.000010 0.000010 0.034726 0.000010 0.000010 0.824892 0.000010 0.000010
0.630795 0.325995 0.000010 0.000010 0.000010 0.043140 0.000010 0.000010 0.000010 0.000010
0.605898 0.000010 0.000010 0.000010 0.000010 0.000010 0.000010 0.394022 0.000010 0.000010
0.000010 0.000010 0.972444 0.027476 0.000010 0.000010 0.000010 0.000010 0.000010 0.000010
0.000010 0.000010 0.942521 0.000010 0.000010 0.000010 0.000010 0.057399 0.000010 0.000010
0.000010 0.000010 0.000010 0.000010 0.434864 0.000010 0.000010 0.565056 0.000010 0.000010
0.000010 0.177313 0.000010 0.000010 0.000010 0.000010 0.000010 0.822607 0.000010 0.000010
0.000010 0.186975 0.286861 0.000010 0.000010 0.000010 0.000010 0.526094 0.000010 0.000010
0.274987 0.593793 0.000010 0.000010 0.000010 0.042096 0.000010 0.089064 0.000010 0.000010
0.000010 0.000010 0.000010 0.000010 0.000010 0.000010 0.000010 0.999910 0.000010 0.000010
0.000010 0.000010 0.000010 0.000010 0.472640 0.283546 0.000010 0.243744 0.000010 0.000010
0.000010 0.000010 0.000010 0.000010 0.000010 0.000010 0.000010 0.999910 0.000010 0.000010
0.000010 0.000010 0.000010 0.000010 0.136875 0.863045 0.000010 0.000010 0.000010 0.000010
0.000010 0.000010 0.006311 0.000010 0.000010 0.358898 0.282817 0.000010 0.351913 0.000010
0.000010 0.000010 0.000010 0.000010 0.000010 0.034162 0.589697 0.044385 0.299407 0.032299
