0.000010 0.503471 0.000010 0.496479 0.000010 0.000010 0.000010
0.000010 0.094873 0.000010 0.197935 0.174807 0.532355 0.000010
0.000010 0.149579 0.055839 0.264001 0.396551 0.134009 0.000010
0.000010 0.135764 0.000010 0.844503 0.000010 0.019693 0.000010
0.000010 0.262403 0.000010 0.347801 0.332236 0.056095 0.001445
0.181372 0.168387 0.000010 0.105939 0.350499 0.193783 0.000010
0.000010 0.135698 0.027819 0.230425 0.548049 0.000010 0.057989
0.000010 0.083379 0.000010 0.717140 0.199440 0.000010 0.000010
0.000010 0.134777 0.177964 0.293332 0.359635 0.009259 0.025023
0.172706 0.059012 0.024762 0.000010 0.285641 0.373366 0.084503
0.044794 0.000010 0.000010 0.955156 0.000010 0.000010 0.000010
0.072281 0.078183 0.000010 0.152782 0.255327 0.416955 0.024463
0.000010 0.401405 0.000010 0.260189 0.081373 0.257003 0.000010
0.000010 0.188610 0.000010 0.643907 0.096989 0.070464 0.000010
0.000010 0.083100 0.000010 0.075472 0.215323 0.626074 0.000010
0.091440 0.164836 0.017137 0.187356 0.448454 0.090766 0.000010
0.000010 0.999940 0.000010 0.000010 0.000010 0.000010 0.000010
0.000010 0.078272 0.000010 0.921678 0.000010 0.000010 0.000010
0.000010 0.082037 0.020194 0.095969 0.215057 0.544197 0.042536
0.105549 0.002255 0.116557 0.068022 0.372743 0.151225 0.183649
0.003639 0.042428 0.029700 0.577311 0.327111 0.001494 0.018316
0.145998 0.000010 0.000010 0.177137 0.162849 0.504416 0.009580
0.007257 0.000010 0.194237 0.198317 0.176103 0.407577 0.016499
0.074392 0.000010 0.000010 0.845223 0.000010 0.000010 0.080345
0.000010 0.480600 0.000010 0.487598 0.000010 0.000010 0.031762
0.095580 0.000010 0.000010 0.137105 0.225866 0.500447 0.040982
0.000010 0.253592 0.000010 0.000010 0.603259 0.101436 0.041683
0.000010 0.098539 0.000010 0.402517 0.438708 0.006462 0.053755
0.005059 0.147792 0.063251 0.336191 0.349252 0.070962 0.027494
0.016801 0.044496 0.259431 0.022667 0.132134 0.434256 0.090216
0.147997 0.106944 0.000010 0.407612 0.328854 0.000010 0.008573
0.000010 0.024451 0.000010 0.918235 0.000010 0.000010 0.057274
0.256292 0.049478 0.000010 0.108230 0.128444 0.444528 0.013018
0.000010 0.066115 0.000010 0.000010 0.058212 0.808536 0.067107
0.000010 0.252456 0.000010 0.000010 0.609089 0.097135 0.041290
0.000010 0.163060 0.074548 0.070760 0.422171 0.262619 0.006832
0.225983 0.092248 0.264046 0.165368 0.000010 0.128565 0.123780
0.000010 0.000010 0.441949 0.000010 0.305904 0.178969 0.073149
0.069255 0.215517 0.136610 0.232240 0.147886 0.125663 0.072829
0.000010 0.350171 0.000010 0.139464 0.311953 0.198382 0.000010
0.000010 0.057680 0.000010 0.000010 0.256321 0.605793 0.080176
0.000010 0.000010 0.000010 0.999940 0.000010 0.000010 0.000010
0.178055 0.004795 0.044120 0.000010 0.337458 0.435552 0.000010
0.124806 0.221598 0.037539 0.270556 0.125039 0.220453 0.000010
0.000010 0.999940 0.000010 0.000010 0.000010 0.000010 0.000010
0.000010 0.027358 0.069944 0.548242 0.354426 0.000010 0.000010
0.525204 0.023030 0.005968 0.138582 0.240566 0.000010 0.066639
0.000010 0.112567 0.000010 0.000010 0.875089 0.000010 0.012305
0.000010 0.288292 0.000010 0.533233 0.107125 0.000010 0.071320
0.000010 0.999940 0.000010 0.000010 0.000010 0.000010 0.000010
0.000010 0.091546 0.119051 0.370369 0.281219 0.098339 0.039467
0.037169 0.162326 0.074245 0.023441 0.569996 0.071214 0.061608
0.183304 0.000010 0.000010 0.072423 0.348974 0.377274 0.018005
0.320093 0.000010 0.150483 0.121743 0.009928 0.356789 0.040954
0.055505 0.113476 0.097794 0.190692 0.497496 0.000010 0.045027
0.013560 0.072632 0.000010 0.602269 0.097101 0.200949 0.013479
0.303774 0.056766 0.198077 0.000010 0.251016 0.166375 0.023982
0.000010 0.102530 0.137474 0.327269 0.280186 0.124394 0.028137
0.000010 0.144695 0.116154 0.132887 0.432484 0.164718 0.009052
0.147304 0.008828 0.000010 0.028141 0.215500 0.585922 0.014294
0.000010 0.071107 0.000010 0.771255 0.157598 0.000010 0.000010
0.113397 0.046219 0.000010 0.000010 0.713099 0.037619 0.089646
0.122938 0.081555 0.040967 0.226311 0.164024 0.262924 0.101281
0.000010 0.098558 0.182991 0.179102 0.523575 0.000010 0.015754
0.190752 0.019670 0.127868 0.389558 0.141863 0.130279 0.000010
0.170930 0.000010 0.000010 0.076755 0.218836 0.497902 0.035557
0.045422 0.283017 0.078619 0.233726 0.197280 0.161927 0.000010
0.212142 0.080310 0.221140 0.328410 0.000010 0.110445 0.047543
0.000010 0.000010 0.000010 0.990402 0.000010 0.000010 0.009548
0.000010 0.252118 0.000010 0.333452 0.186445 0.223618 0.004347
0.255102 0.000010 0.002991 0.090489 0.406981 0.222799 0.021628
0.038859 0.014188 0.284389 0.078971 0.000010 0.560459 0.023124
0.000010 0.104843 0.414684 0.115241 0.222459 0.080036 0.062727
0.002135 0.051363 0.144058 0.045670 0.383828 0.355144 0.017803
0.202774 0.000010 0.077584 0.000010 0.171031 0.467274 0.081316
0.414466 0.019647 0.180243 0.137603 0.046941 0.188448 0.012652
0.126423 0.000010 0.441375 0.196004 0.000010 0.183892 0.052286
0.760277 0.019271 0.000010 0.127164 0.000010 0.000010 0.093258
0.555354 0.090834 0.000010 0.048892 0.000010 0.209614 0.095286
0.504324 0.000010 0.174859 0.022042 0.033076 0.218870 0.046820
0.282707 0.028872 0.079479 0.028900 0.000010 0.528597 0.051435
0.262393 0.000010 0.650604 0.000010 0.011570 0.000010 0.075403
0.074092 0.000010 0.654687 0.160579 0.000010 0.049639 0.060983
0.265926 0.079426 0.159212 0.169091 0.061367 0.230629 0.034349
0.788004 0.000010 0.000010 0.198325 0.000010 0.000010 0.013631
0.967296 0.000010 0.000010 0.000010 0.000010 0.000010 0.032654
0.135934 0.073946 0.260953 0.047526 0.435927 0.045704 0.000010
0.382015 0.062739 0.035897 0.395313 0.000010 0.124016 0.000010
0.327296 0.000010 0.104063 0.101491 0.047590 0.419539 0.000010
0.008091 0.000010 0.000010 0.179969 0.180971 0.605897 0.025052
0.203179 0.000010 0.170007 0.182178 0.089552 0.235418 0.119656
0.477786 0.054804 0.226118 0.000010 0.105066 0.108478 0.027738
0.831840 0.026262 0.016969 0.041376 0.030096 0.017532 0.035926
0.307348 0.040255 0.033039 0.000010 0.178501 0.344633 0.096214
0.099715 0.036451 0.502618 0.277855 0.000010 0.039417 0.043935
0.849964 0.069189 0.080807 0.000010 0.000010 0.000010 0.000010
0.369421 0.057958 0.253118 0.000010 0.000010 0.319474 0.000010
0.116969 0.119136 0.150254 0.185006 0.132376 0.184646 0.111613
0.852314 0.000010 0.055845 0.000010 0.091800 0.000010 0.000010
0.282482 0.032573 0.000010 0.000010 0.223297 0.429154 0.032475
0.215211 0.049139 0.058080 0.000010 0.106685 0.538066 0.032809
0.336513 0.132851 0.160077 0.082565 0.070392 0.171324 0.046278
0.324168 0.044954 0.000010 0.000010 0.337995 0.248201 0.044662
0.160078 0.034590 0.258180 0.180562 0.138460 0.139860 0.088269
0.320248 0.064037 0.181050 0.116986 0.047367 0.252466 0.017846
0.309850 0.000010 0.076098 0.081884 0.174645 0.247661 0.109852
0.253177 0.052340 0.037065 0.080553 0.175672 0.358578 0.042615
0.176067 0.041824 0.045707 0.098986 0.251243 0.370475 0.015697
0.488756 0.018106 0.075738 0.104295 0.000010 0.313084 0.000010
0.196331 0.025760 0.448313 0.093981 0.201633 0.000010 0.033971
0.198467 0.039340 0.097208 0.000010 0.095922 0.511648 0.057405
0.491314 0.000010 0.222970 0.152509 0.081790 0.014057 0.037350
0.000010 0.000010 0.586241 0.000010 0.301075 0.000010 0.112644
0.254929 0.000010 0.000010 0.235127 0.238014 0.177951 0.093958
0.706771 0.000010 0.177084 0.000010 0.000010 0.088307 0.027808
0.108606 0.001594 0.154188 0.123766 0.255451 0.300566 0.055829
0.399285 0.059884 0.314484 0.000010 0.000010 0.226318 0.000010
0.000010 0.000010 0.076987 0.000010 0.635985 0.286987 0.000010
0.844139 0.000010 0.155811 0.000010 0.000010 0.000010 0.000010
0.113257 0.042363 0.000010 0.112696 0.132281 0.567102 0.032291
0.533476 0.072888 0.193244 0.131683 0.000010 0.068689 0.000010
0.501000 0.092572 0.304930 0.000010 0.062407 0.000010 0.039070
0.421052 0.013118 0.000010 0.164978 0.056665 0.318979 0.025198
0.363475 0.017187 0.048797 0.207696 0.035865 0.228336 0.098643
0.308976 0.055988 0.026165 0.319691 0.000010 0.239282 0.049888
0.063550 0.053378 0.304286 0.000010 0.071126 0.407477 0.100172
0.111879 0.000010 0.093687 0.019395 0.425595 0.247513 0.101920
0.578214 0.098364 0.134352 0.043666 0.000010 0.101360 0.044036
0.040209 0.000010 0.167866 0.374234 0.000010 0.396309 0.021362
0.400738 0.027186 0.139444 0.183991 0.200165 0.048467 0.000010
0.268528 0.031383 0.211923 0.159450 0.051491 0.123247 0.153978
0.415334 0.000010 0.329122 0.030979 0.140891 0.000010 0.083653
0.588463 0.063565 0.169041 0.066392 0.011637 0.098026 0.002876
0.661853 0.000010 0.264336 0.000010 0.000010 0.000010 0.073772
0.411525 0.000010 0.000010 0.048779 0.195715 0.331192 0.012769
0.000010 0.155675 0.571688 0.019096 0.167802 0.027327 0.058402
0.565701 0.029050 0.125312 0.000010 0.072938 0.154706 0.052283
0.171873 0.032385 0.146995 0.166808 0.000010 0.478136 0.003792
0.245755 0.051034 0.085431 0.383473 0.114120 0.072024 0.048164
0.545202 0.000010 0.000010 0.238252 0.085207 0.007871 0.123448
0.116375 0.000010 0.163028 0.149210 0.467368 0.104000 0.000010
0.017004 0.063918 0.775856 0.000010 0.113565 0.005779 0.023867
0.000010 0.000010 0.153566 0.247480 0.000010 0.598914 0.000010
0.268204 0.103615 0.133029 0.130257 0.072628 0.246941 0.045326
0.334869 0.140483 0.231954 0.000953 0.066417 0.163491 0.061833
0.093923 0.036471 0.023922 0.173962 0.255739 0.357469 0.058514
0.083884 0.016482 0.315201 0.127485 0.175100 0.239304 0.042544
0.699096 0.000010 0.246527 0.043773 0.000010 0.000010 0.010574
0.507591 0.025340 0.063322 0.194059 0.000010 0.209668 0.000010
0.118930 0.095480 0.072488 0.127280 0.542569 0.021197 0.022056
0.381254 0.033748 0.154953 0.213331 0.000010 0.216694 0.000010
0.349083 0.082550 0.383037 0.000010 0.145058 0.000010 0.040252
0.985349 0.000010 0.000010 0.000010 0.000010 0.000010 0.014601
0.347299 0.082864 0.384027 0.000010 0.145230 0.000010 0.040560
0.000010 0.000010 0.000010 0.000010 0.000010 0.000010 0.999940
0.000010 0.109398 0.357648 0.000010 0.367280 0.000010 0.165643
0.497351 0.268378 0.095228 0.139012 0.000010 0.000010 0.000010
0.012580 0.000010 0.276364 0.042066 0.000010 0.619167 0.049804
0.000010 0.000010 0.000010 0.999940 0.000010 0.000010 0.000010
0.334153 0.000010 0.074738 0.156252 0.154290 0.212292 0.068264
0.178406 0.000010 0.289645 0.111739 0.155093 0.248830 0.016277
0.429046 0.019188 0.423020 0.000010 0.059563 0.009096 0.060078
0.330089 0.001606 0.000010 0.046585 0.382569 0.204897 0.034244
0.000010 0.093232 0.130863 0.184163 0.000010 0.584717 0.007004
0.000010 0.000010 0.000010 0.000010 0.000010 0.000010 0.999940
0.059007 0.101465 0.002849 0.000010 0.128544 0.622861 0.085264
0.000010 0.000010 0.000010 0.000010 0.000010 0.000010 0.999940
0.295041 0.101354 0.157263 0.183038 0.000010 0.248377 0.014917
0.261030 0.020875 0.000010 0.557646 0.000010 0.134368 0.026061
0.574700 0.123259 0.105848 0.056998 0.000010 0.133243 0.005942
0.000010 0.141689 0.405896 0.094077 0.161679 0.035008 0.161641
0.178710 0.000010 0.315324 0.343873 0.000010 0.000010 0.162062
0.000010 0.000010 0.000010 0.000010 0.975481 0.000010 0.024469
0.000010 0.049083 0.412037 0.000010 0.519771 0.000010 0.019079
0.060891 0.000010 0.237645 0.014331 0.510840 0.170585 0.005698
0.000010 0.006453 0.218113 0.000010 0.775395 0.000010 0.000010
0.049561 0.050494 0.247576 0.049688 0.573291 0.000010 0.029379
0.055105 0.076839 0.129018 0.069707 0.594450 0.062700 0.012181
0.000010 0.043145 0.368778 0.009916 0.471845 0.000010 0.106295
0.621357 0.010002 0.240403 0.000010 0.000010 0.090125 0.038094
0.396433 0.000010 0.482107 0.039962 0.038252 0.023619 0.019617
0.790605 0.000010 0.000010 0.184717 0.000010 0.000010 0.024639
0.000010 0.000010 0.000010 0.000010 0.994864 0.000010 0.005086
0.000010 0.000010 0.629579 0.000010 0.262763 0.000010 0.107618
0.000010 0.000010 0.828975 0.034333 0.011113 0.000010 0.125549
0.000010 0.000010 0.397981 0.033744 0.490890 0.000010 0.077355
0.026328 0.066089 0.070186 0.106596 0.531369 0.157764 0.041669
0.000010 0.044417 0.595623 0.026060 0.179266 0.020225 0.134398
0.240847 0.000010 0.007012 0.119829 0.437735 0.177722 0.016845
0.153918 0.053138 0.194100 0.071202 0.478313 0.000010 0.049318
0.999940 0.000010 0.000010 0.000010 0.000010 0.000010 0.000010
0.000010 0.000010 0.494226 0.012233 0.320808 0.159008 0.013706
0.000010 0.000010 0.890325 0.000010 0.000010 0.050892 0.058743
0.000010 0.136831 0.293748 0.000010 0.000010 0.443136 0.126255
0.000010 0.000010 0.833611 0.000010 0.000010 0.000010 0.166339
0.000010 0.000010 0.000010 0.000010 0.999940 0.000010 0.000010
0.000010 0.000010 0.000010 0.000010 0.930203 0.045287 0.024469
0.074900 0.037177 0.641345 0.000010 0.107850 0.049506 0.089212
0.233440 0.000010 0.620848 0.130948 0.000010 0.000010 0.014735
0.000010 0.000010 0.780616 0.000010 0.147247 0.045969 0.026139
0.032574 0.007715 0.481984 0.000010 0.443370 0.000010 0.034336
0.000010 0.034792 0.466366 0.000010 0.498803 0.000010 0.000010
0.000010 0.000010 0.056668 0.261840 0.466161 0.119898 0.095413
0.516271 0.085739 0.252778 0.115330 0.000010 0.016091 0.013782
0.129350 0.012709 0.650128 0.009666 0.091162 0.036678 0.070307
0.272808 0.005708 0.000010 0.097231 0.388456 0.192893 0.042894
0.000010 0.000010 0.000010 0.000010 0.999940 0.000010 0.000010
0.117313 0.000010 0.353532 0.000010 0.454502 0.074623 0.000010
0.000010 0.111197 0.296867 0.047097 0.523297 0.000010 0.021522
0.000010 0.000010 0.000010 0.000010 0.988706 0.000010 0.011244
0.000010 0.028073 0.110376 0.000010 0.609905 0.251617 0.000010
0.000010 0.075939 0.119160 0.011218 0.447596 0.346067 0.000010
0.000010 0.000010 0.080563 0.134321 0.785076 0.000010 0.000010
0.080080 0.032056 0.170856 0.183342 0.436563 0.000010 0.097093
0.380019 0.088892 0.189994 0.186312 0.068773 0.086000 0.000010
0.534239 0.049871 0.000010 0.197874 0.000010 0.155856 0.062141
0.456433 0.000010 0.149324 0.209434 0.000010 0.116627 0.068162
0.000010 0.000010 0.485704 0.000010 0.472237 0.000010 0.042019
0.000010 0.000010 0.240708 0.022329 0.675960 0.010908 0.050075
0.069904 0.000010 0.430586 0.080960 0.321202 0.000010 0.097327
0.051851 0.144392 0.000010 0.006976 0.528060 0.253103 0.015607
0.023178 0.015947 0.223521 0.000010 0.717278 0.000010 0.020055
0.059754 0.037749 0.061790 0.079026 0.659926 0.078819 0.022936
0.238748 0.057252 0.024244 0.000010 0.190643 0.435071 0.054032
0.000010 0.012795 0.485996 0.000010 0.501169 0.000010 0.000010
0.000010 0.000010 0.052038 0.000010 0.000010 0.939933 0.007989
0.558874 0.000010 0.093925 0.093479 0.000010 0.253693 0.000010
0.065494 0.148125 0.000010 0.063309 0.621091 0.101961 0.000010
0.549838 0.043098 0.094644 0.090965 0.063614 0.102076 0.055765
0.064012 0.000010 0.227919 0.103234 0.470749 0.000010 0.134067
0.146038 0.000010 0.030164 0.000010 0.561170 0.226074 0.036535
0.000010 0.075957 0.722501 0.000010 0.146669 0.000010 0.054844
0.000010 0.005802 0.147145 0.055382 0.704567 0.000010 0.087084
0.027813 0.000010 0.009452 0.000010 0.386697 0.483053 0.092965
0.000010 0.000010 0.558737 0.000010 0.217320 0.000010 0.223903
0.260078 0.093979 0.185479 0.114782 0.267126 0.078545 0.000010
0.141190 0.000010 0.580181 0.000010 0.274080 0.000010 0.004518
0.000010 0.000010 0.000010 0.000010 0.494076 0.473213 0.032671
0.353366 0.000010 0.280118 0.221469 0.107065 0.000010 0.037962
0.159714 0.075426 0.404767 0.016976 0.112513 0.148931 0.081672
0.110372 0.000010 0.420455 0.010139 0.262415 0.023078 0.173531
0.089379 0.000010 0.253501 0.000010 0.540104 0.088983 0.028014
0.000010 0.000010 0.341664 0.000010 0.658286 0.000010 0.000010
0.257780 0.020209 0.000010 0.559918 0.000010 0.135815 0.026257
0.130860 0.000010 0.446814 0.000010 0.412979 0.000010 0.009318
0.000010 0.000010 0.367042 0.193664 0.415391 0.000010 0.023873
0.000010 0.123663 0.141744 0.000010 0.734553 0.000010 0.000010
0.145619 0.110794 0.046303 0.060643 0.337873 0.298759 0.000010
0.106985 0.030527 0.017285 0.026404 0.526778 0.285280 0.006741
0.000010 0.055687 0.000010 0.093593 0.000010 0.702429 0.148260
0.406407 0.021649 0.085881 0.349181 0.000010 0.081183 0.055689
0.000010 0.051405 0.333318 0.148967 0.447422 0.000010 0.018869
0.000010 0.080644 0.000010 0.000010 0.919306 0.000010 0.000010
0.055736 0.065014 0.000010 0.078778 0.644314 0.153360 0.002789
0.104900 0.103324 0.000010 0.030769 0.363263 0.380010 0.017724
0.000010 0.028167 0.000010 0.000010 0.952835 0.000010 0.018958
0.158482 0.038242 0.569040 0.000010 0.214382 0.000010 0.019834
0.000010 0.027924 0.132874 0.000010 0.802290 0.016552 0.020340
0.837899 0.045792 0.088856 0.000010 0.000010 0.000010 0.027423
0.489449 0.004185 0.000010 0.455625 0.000010 0.014789 0.035931
0.183073 0.061822 0.040963 0.662193 0.023654 0.000010 0.028285
