0.000010 0.999980 0.000010
0.093482 0.190447 0.716071
0.000010 0.297923 0.702067
0.000010 0.999980 0.000010
0.000010 0.666864 0.333126
0.026055 0.336965 0.636980
0.035236 0.000010 0.964754
0.000010 0.818405 0.181585
0.000010 0.233543 0.766447
0.285003 0.135189 0.579809
0.078455 0.921535 0.000010
0.224645 0.142565 0.632790
0.000010 0.741112 0.258878
0.000010 0.999980 0.000010
0.128906 0.133794 0.737301
0.000010 0.320939 0.679051
0.000010 0.999980 0.000010
0.000010 0.999980 0.000010
0.312945 0.193537 0.493517
0.419231 0.011668 0.569101
0.000010 0.555149 0.444841
0.377804 0.007302 0.614894
0.416591 0.000010 0.583399
0.000010 0.999980 0.000010
0.000010 0.999980 0.000010
0.350724 0.129932 0.519344
0.000010 0.000010 0.999980
0.000010 0.391898 0.608092
0.000010 0.438994 0.560996
0.641577 0.032632 0.325792
0.000010 0.477766 0.522224
0.038740 0.961250 0.000010
0.362039 0.119982 0.517979
0.228296 0.000010 0.771694
0.000010 0.000010 0.999980
0.000010 0.138531 0.861459
0.704482 0.295508 0.000010
0.663017 0.000010 0.336973
0.229605 0.469252 0.301143
0.000010 0.420576 0.579414
0.219399 0.000010 0.780591
0.000010 0.999980 0.000010
0.299505 0.000010 0.700485
0.056833 0.676297 0.266869
0.000010 0.999980 0.000010
0.000010 0.663391 0.336599
0.511911 0.488079 0.000010
0.000010 0.000010 0.999980
0.000010 0.882370 0.117620
0.000010 0.999980 0.000010
0.000010 0.355295 0.644695
0.000010 0.000010 0.999980
0.267343 0.000010 0.732647
0.820539 0.114169 0.065292
0.000010 0.217637 0.782353
0.082022 0.729905 0.188073
0.813164 0.000010 0.186826
0.028206 0.523260 0.448534
0.000010 0.082748 0.917242
0.253736 0.068726 0.677538
0.000010 0.968308 0.031682
0.000010 0.000010 0.999980
0.286880 0.553016 0.160104
0.102113 0.000010 0.897877
0.344597 0.314760 0.340643
0.329184 0.121534 0.549282
0.016450 0.772843 0.210707
0.847077 0.152913 0.000010
0.000010 0.999980 0.000010
0.000010 0.674633 0.325357
0.429916 0.000010 0.570074
0.646828 0.161333 0.191839
0.097716 0.156947 0.745337
0.221834 0.000010 0.778156
0.477789 0.000010 0.522201
0.818384 0.000010 0.181606
0.735795 0.264195 0.000010
0.632269 0.367721 0.000010
0.999980 0.000010 0.000010
0.936054 0.000010 0.063936
0.867601 0.000010 0.132389
0.999980 0.000010 0.000010
0.654583 0.345407 0.000010
0.708127 0.000010 0.291863
0.795458 0.204532 0.000010
0.999980 0.000010 0.000010
0.151167 0.000010 0.848823
0.573684 0.426306 0.000010
0.901487 0.000010 0.098503
0.340152 0.132469 0.527379
0.843931 0.104835 0.051234
0.984337 0.000010 0.015653
0.999980 0.000010 0.000010
0.411701 0.000010 0.588289
0.632954 0.367036 0.000010
0.961685 0.038305 0.000010
0.999980 0.000010 0.000010
0.573661 0.349643 0.076697
0.999980 0.000010 0.000010
0.152824 0.000010 0.847166
0.635763 0.000010 0.364227
0.585278 0.104295 0.310427
0.432487 0.000010 0.567503
0.805440 0.048928 0.145632
0.826812 0.163518 0.009670
0.849892 0.000010 0.150098
0.808524 0.000010 0.191466
0.569110 0.000010 0.430880
0.904642 0.095348 0.000010
0.956591 0.000010 0.043399
0.487821 0.000010 0.512169
0.952196 0.047794 0.000010
0.677675 0.000010 0.322315
0.391378 0.087917 0.520705
0.999980 0.000010 0.000010
0.413120 0.000010 0.586870
0.999980 0.000010 0.000010
0.000010 0.000010 0.999980
0.999980 0.000010 0.000010
0.354920 0.059124 0.585955
0.898723 0.101267 0.000010
0.999980 0.000010 0.000010
0.768169 0.000010 0.231821
0.779373 0.220617 0.000010
0.649855 0.350135 0.000010
0.454971 0.174081 0.370948
0.517747 0.000010 0.482243
0.999980 0.000010 0.000010
0.551828 0.278411 0.169760
0.777951 0.030750 0.191299
0.999980 0.000010 0.000010
0.951450 0.048540 0.000010
0.989095 0.000010 0.010895
0.999980 0.000010 0.000010
0.474930 0.000010 0.525060
0.298560 0.102122 0.599318
0.545667 0.000010 0.454323
0.865530 0.134460 0.000010
0.884224 0.000010 0.115766
0.975624 0.024366 0.000010
0.373490 0.000010 0.626500
0.919478 0.000010 0.080512
0.716882 0.097269 0.185849
0.999980 0.000010 0.000010
0.619947 0.011063 0.368990
0.403526 0.155120 0.441355
0.738613 0.119256 0.142131
0.915051 0.084939 0.000010
0.768983 0.231007 0.000010
0.054781 0.000010 0.945209
0.606236 0.393754 0.000010
0.999980 0.000010 0.000010
0.999980 0.000010 0.000010
0.999980 0.000010 0.000010
0.999980 0.000010 0.000010
0.599148 0.000010 0.400842
0.568380 0.431610 0.000010
0.864288 0.000010 0.135702
0.000010 0.999980 0.000010
0.999980 0.000010 0.000010
0.422772 0.151102 0.426126
0.999980 0.000010 0.000010
0.378532 0.170899 0.450569
0.709748 0.290242 0.000010
0.999980 0.000010 0.000010
0.557985 0.000010 0.442005
0.999980 0.000010 0.000010
0.819016 0.180974 0.000010
0.504104 0.495886 0.000010
0.819622 0.180368 0.000010
0.360288 0.566227 0.073485
0.999980 0.000010 0.000010
0.000010 0.000010 0.999980
0.369047 0.000010 0.630943
0.266637 0.000010 0.733353
0.000010 0.000010 0.999980
0.194750 0.000010 0.805240
0.000010 0.000010 0.999980
0.449323 0.000010 0.550667
0.999980 0.000010 0.000010
0.999980 0.000010 0.000010
0.864865 0.135125 0.000010
0.000010 0.000010 0.999980
0.638039 0.000010 0.361951
0.999980 0.000010 0.000010
0.450614 0.000010 0.549376
0.062333 0.022949 0.914718
0.773156 0.000010 0.226834
0.265332 0.000010 0.734658
0.397419 0.000010 0.602571
0.999980 0.000010 0.000010
0.761398 0.000010 0.238592
0.999980 0.000010 0.000010
0.251562 0.234943 0.513495
0.999980 0.000010 0.000010
0.000010 0.000010 0.999980
0.000010 0.000010 0.999980
0.999980 0.000010 0.000010
0.999980 0.000010 0.000010
0.837543 0.000010 0.162447
0.442814 0.000010 0.557176
0.392170 0.000010 0.607820
0.060871 0.107043 0.832087
0.870651 0.129339 0.000010
0.921499 0.000010 0.078491
0.246792 0.000010 0.753198
0.000010 0.000010 0.999980
0.476296 0.000010 0.523694
0.242334 0.000010 0.757656
0.000010 0.000010 0.999980
0.000010 0.000010 0.999980
0.040626 0.000010 0.959364
0.058914 0.000010 0.941076
0.676868 0.000010 0.323122
0.793784 0.206206 0.000010
0.951278 0.048712 0.000010
0.611198 0.388792 0.000010
0.448530 0.000010 0.551460
0.183046 0.000010 0.816944
0.663271 0.000010 0.336719
0.000010 0.000010 0.999980
0.131335 0.000010 0.868655
0.019337 0.000010 0.980653
0.647083 0.000010 0.352907
0.336866 0.000010 0.663124
0.880080 0.000010 0.119910
0.806182 0.193808 0.000010
0.000010 0.000010 0.999980
0.938194 0.000010 0.061796
0.492397 0.000010 0.507593
0.151688 0.000010 0.848302
0.687262 0.000010 0.312728
0.164314 0.000010 0.835676
0.432636 0.000010 0.567354
0.773807 0.000010 0.226183
0.489226 0.000010 0.510764
0.804611 0.000010 0.195379
0.113219 0.000010 0.886771
0.960950 0.000010 0.039040
0.922503 0.000010 0.077487
0.772744 0.000010 0.227246
0.392062 0.000010 0.607928
0.123021 0.000010 0.876969
0.498309 0.501681 0.000010
0.527558 0.000010 0.472432
0.574785 0.000010 0.425205
0.000010 0.000010 0.999980
0.035794 0.016085 0.948120
0.000010 0.000010 0.999980
0.628675 0.366821 0.004503
0.816008 0.151429 0.032563
0.415021 0.000010 0.584969
0.000010 0.000010 0.999980
0.000010 0.000010 0.999980
0.000010 0.000010 0.999980
0.000010 0.000010 0.999980
0.870971 0.000010 0.129019
0.000010 0.000010 0.999980
0.999980 0.000010 0.000010
0.702775 0.297215 0.000010
0.369548 0.630442 0.000010
