0.000010 0.999980 0.000010
0.108328 0.189296 0.702375
0.000010 0.294763 0.705227
0.000010 0.999980 0.000010
0.000010 0.687827 0.312163
0.029185 0.344988 0.625826
0.037201 0.000010 0.962789
0.000010 0.819550 0.180440
0.000010 0.220968 0.779022
0.277577 0.140349 0.582074
0.072892 0.927098 0.000010
0.243553 0.145801 0.610646
0.000010 0.757031 0.242959
0.000010 0.999980 0.000010
0.148797 0.134320 0.716882
0.000010 0.332253 0.667737
0.000010 0.999980 0.000010
0.000010 0.999980 0.000010
0.320692 0.185376 0.493932
0.420636 0.017814 0.561550
0.000010 0.557837 0.442153
0.415874 0.002040 0.582086
0.439962 0.000010 0.560028
0.000010 0.999980 0.000010
0.000010 0.999980 0.000010
0.370762 0.127154 0.502084
0.000010 0.000010 0.999980
0.000010 0.389127 0.610863
0.000010 0.437021 0.562969
0.681364 0.028812 0.289824
0.000010 0.484527 0.515463
0.056635 0.943355 0.000010
0.386133 0.113086 0.500781
0.259196 0.000010 0.740794
0.000010 0.000010 0.999980
0.000010 0.135782 0.864208
0.706311 0.293679 0.000010
0.688633 0.000010 0.311357
0.240050 0.463294 0.296656
0.000010 0.435452 0.564538
0.235332 0.000010 0.764658
0.000010 0.999980 0.000010
0.315656 0.000010 0.684334
0.053367 0.680148 0.266484
0.000010 0.999980 0.000010
0.000010 0.659621 0.340369
0.506066 0.493924 0.000010
0.000010 0.000010 0.999980
0.000010 0.876243 0.123747
0.000010 0.999980 0.000010
0.000010 0.348360 0.651630
0.000010 0.000010 0.999980
0.305132 0.000010 0.694858
0.851643 0.104546 0.043811
0.000010 0.214696 0.785294
0.077147 0.720444 0.202409
0.835299 0.000010 0.164691
0.039470 0.520825 0.439705
0.000010 0.066217 0.933773
0.264101 0.064103 0.671796
0.000010 0.958632 0.041358
0.000010 0.000010 0.999980
0.295851 0.555628 0.148521
0.104386 0.000010 0.895604
0.356744 0.312744 0.330512
0.352716 0.116525 0.530760
0.016915 0.779024 0.204061
0.856750 0.143240 0.000010
0.000010 0.999980 0.000010
0.000010 0.686082 0.313908
0.462001 0.000010 0.537989
0.682227 0.163518 0.154256
0.109393 0.147514 0.743093
0.238410 0.000010 0.761580
0.495900 0.000010 0.504090
0.817308 0.000010 0.182682
0.740228 0.259762 0.000010
0.618665 0.381325 0.000010
0.999980 0.000010 0.000010
0.939955 0.000010 0.060035
0.898599 0.000010 0.101391
0.999980 0.000010 0.000010
0.657067 0.342923 0.000010
0.706030 0.000010 0.293960
0.792882 0.207108 0.000010
0.999980 0.000010 0.000010
0.164103 0.000010 0.835887
0.568801 0.431189 0.000010
0.930404 0.000010 0.069586
0.341514 0.133958 0.524529
0.856709 0.103949 0.039342
0.985808 0.000010 0.014182
0.999980 0.000010 0.000010
0.413329 0.000010 0.586661
0.634919 0.365071 0.000010
0.967219 0.032771 0.000010
0.999980 0.000010 0.000010
0.577484 0.350996 0.071520
0.999980 0.000010 0.000010
0.162040 0.000010 0.837950
0.669924 0.000010 0.330066
0.579429 0.107437 0.313134
0.437421 0.000010 0.562569
0.807323 0.054857 0.137820
0.683095 0.272043 0.044863
0.861774 0.000010 0.138216
0.829309 0.000010 0.170681
0.587302 0.000010 0.412688
0.900929 0.099061 0.000010
0.956138 0.000010 0.043852
0.487400 0.000010 0.512590
0.948957 0.051033 0.000010
0.689143 0.000010 0.310847
0.405448 0.082678 0.511874
0.999980 0.000010 0.000010
0.412409 0.000010 0.587581
0.999980 0.000010 0.000010
0.000010 0.000010 0.999980
0.999980 0.000010 0.000010
0.373266 0.059295 0.567439
0.901696 0.098294 0.000010
0.999980 0.000010 0.000010
0.793074 0.000010 0.206916
0.759582 0.240408 0.000010
0.606765 0.393225 0.000010
0.456608 0.169843 0.373549
0.550871 0.000010 0.449119
0.999980 0.000010 0.000010
0.581212 0.278065 0.140723
0.788699 0.034316 0.176985
0.999980 0.000010 0.000010
0.946096 0.053894 0.000010
0.999980 0.000010 0.000010
0.999980 0.000010 0.000010
0.494606 0.000010 0.505384
0.291772 0.084267 0.623962
0.542390 0.000010 0.457600
0.868598 0.131392 0.000010
0.904099 0.000010 0.095891
0.970610 0.029380 0.000010
0.386758 0.000010 0.613232
0.927261 0.000010 0.072729
0.752592 0.099234 0.148175
0.999980 0.000010 0.000010
0.616199 0.010121 0.373680
0.299485 0.215669 0.484846
0.743933 0.123034 0.133033
0.916321 0.083669 0.000010
0.766231 0.233759 0.000010
0.056492 0.000010 0.943498
0.604003 0.395987 0.000010
0.999980 0.000010 0.000010
0.999980 0.000010 0.000010
0.999980 0.000010 0.000010
0.999980 0.000010 0.000010
0.606894 0.000010 0.393096
0.569129 0.430861 0.000010
0.878247 0.000010 0.121743
0.000010 0.999980 0.000010
0.999980 0.000010 0.000010
0.427283 0.151206 0.421511
0.999980 0.000010 0.000010
0.389213 0.173623 0.437164
0.715586 0.284404 0.000010
0.999980 0.000010 0.000010
0.585920 0.000010 0.414070
0.999980 0.000010 0.000010
0.743463 0.256527 0.000010
0.500087 0.499903 0.000010
0.818767 0.181223 0.000010
0.359409 0.566936 0.073655
0.999980 0.000010 0.000010
0.000010 0.000010 0.999980
0.385589 0.000010 0.614401
0.307656 0.000010 0.692334
0.000010 0.000010 0.999980
0.201234 0.000010 0.798756
0.000010 0.000010 0.999980
0.463675 0.000010 0.536315
0.999980 0.000010 0.000010
0.999980 0.000010 0.000010
0.865888 0.134102 0.000010
0.000010 0.000010 0.999980
0.644672 0.000010 0.355318
0.999980 0.000010 0.000010
0.479271 0.000010 0.520719
0.076707 0.020443 0.902850
0.781707 0.000010 0.218283
0.280178 0.000010 0.719812
0.426092 0.000010 0.573898
0.999980 0.000010 0.000010
0.783036 0.000010 0.216954
0.999980 0.000010 0.000010
0.247094 0.218149 0.534757
0.999980 0.000010 0.000010
0.000010 0.000010 0.999980
0.000010 0.000010 0.999980
0.999980 0.000010 0.000010
0.999980 0.000010 0.000010
0.850918 0.000010 0.149072
0.446486 0.000010 0.553504
0.408475 0.000010 0.591515
0.046988 0.112431 0.840581
0.820824 0.179166 0.000010
0.910368 0.000010 0.089622
0.240701 0.000010 0.759289
0.000010 0.000010 0.999980
0.472203 0.000010 0.527787
0.249984 0.000010 0.750006
0.000010 0.000010 0.999980
0.000010 0.000010 0.999980
0.053043 0.000010 0.946947
0.027282 0.000010 0.972708
0.708618 0.000010 0.291372
0.783699 0.216291 0.000010
0.948765 0.051225 0.000010
0.607631 0.392359 0.000010
0.469344 0.000010 0.530646
0.209414 0.000010 0.790576
0.671051 0.000010 0.328939
0.000010 0.000010 0.999980
0.146054 0.000010 0.853936
0.043258 0.000010 0.956732
0.668503 0.000010 0.331487
0.351579 0.000010 0.648411
0.921654 0.000010 0.078336
0.807338 0.192652 0.000010
0.000010 0.000010 0.999980
0.943945 0.000010 0.056045
0.515329 0.000010 0.484661
0.153582 0.000010 0.846408
0.529194 0.000010 0.470796
0.186950 0.000010 0.813040
0.473155 0.000010 0.526835
0.786044 0.000010 0.213946
0.482033 0.000010 0.517957
0.818756 0.000010 0.181234
0.122074 0.000010 0.877916
0.988885 0.000010 0.011105
0.925181 0.000010 0.074809
0.791381 0.000010 0.208609
0.400808 0.000010 0.599182
0.100156 0.000010 0.899834
0.498060 0.501930 0.000010
0.539245 0.000010 0.460745
0.591828 0.000010 0.408162
0.000010 0.000010 0.999980
0.046234 0.011556 0.942209
0.000010 0.000010 0.999980
0.640163 0.359827 0.000010
0.820892 0.153965 0.025143
0.422398 0.000010 0.577592
0.000010 0.000010 0.999980
0.000010 0.000010 0.999980
0.000010 0.000010 0.999980
0.000010 0.000010 0.999980
0.888498 0.000010 0.111492
0.000010 0.000010 0.999980
0.999980 0.000010 0.000010
0.707411 0.292579 0.000010
0.380541 0.619449 0.000010
