0.999930 0.000010 0.000010 0.000010 0.000010 0.000010 0.000010 0.000010
0.173119 0.753411 0.000010 0.073420 0.000010 0.000010 0.000010 0.000010
0.205163 0.000010 0.000543 0.255555 0.000010 0.000010 0.538699 0.000010
0.999930 0.000010 0.000010 0.000010 0.000010 0.000010 0.000010 0.000010
0.319899 0.000010 0.000010 0.000010 0.000010 0.000010 0.680041 0.000010
0.085450 0.221681 0.107164 0.051019 0.000010 0.000010 0.534657 0.000010
0.000010 0.000010 0.000010 0.391078 0.013273 0.000010 0.595599 0.000010
0.789572 0.000010 0.000010 0.210368 0.000010 0.000010 0.000010 0.000010
0.000010 0.000010 0.000010 0.115032 0.000010 0.000010 0.884908 0.000010
0.085223 0.780927 0.000010 0.021001 0.058131 0.054687 0.000010 0.000010
0.833648 0.000010 0.166292 0.000010 0.000010 0.000010 0.000010 0.000010
0.070330 0.695355 0.000010 0.000010 0.000010 0.000010 0.234265 0.000010
0.683064 0.178445 0.000010 0.000010 0.000010 0.000010 0.138441 0.000010
0.961997 0.000010 0.000010 0.037943 0.000010 0.000010 0.000010 0.000010
0.078819 0.921121 0.000010 0.000010 0.000010 0.000010 0.000010 0.000010
0.116211 0.000010 0.040044 0.099804 0.000010 0.000010 0.743900 0.000010
0.999925 0.000010 0.000014 0.000010 0.000010 0.000010 0.000010 0.000010
0.931159 0.000010 0.000010 0.068781 0.000010 0.000010 0.000010 0.000010
0.184391 0.692738 0.000010 0.122821 0.000010 0.000010 0.000010 0.000010
0.000010 0.201915 0.000011 0.285183 0.105425 0.212567 0.194879 0.000010
0.452005 0.000010 0.058595 0.046257 0.000010 0.000010 0.443104 0.000010
0.000010 0.971454 0.000010 0.028486 0.000010 0.000010 0.000010 0.000010
0.000010 0.918889 0.000010 0.000010 0.081051 0.000010 0.000010 0.000010
0.999930 0.000010 0.000010 0.000010 0.000010 0.000010 0.000010 0.000010
0.999930 0.000010 0.000010 0.000010 0.000010 0.000010 0.000010 0.000010
0.089258 0.771708 0.000010 0.138984 0.000010 0.000010 0.000010 0.000010
0.000010 0.000010 0.000010 0.000010 0.000010 0.000010 0.999930 0.000010
0.227060 0.000010 0.000010 0.000010 0.000010 0.000010 0.772880 0.000010
0.298644 0.000010 0.000010 0.102317 0.000010 0.000010 0.598989 0.000010
0.000010 0.693308 0.000010 0.000010 0.149421 0.000010 0.000010 0.157221
0.255271 0.000010 0.047097 0.000010 0.000010 0.000010 0.697581 0.000010
0.930674 0.000010 0.000010 0.069266 0.000010 0.000010 0.000010 0.000010
0.044461 0.683468 0.160465 0.012036 0.000010 0.000010 0.000010 0.099540
0.000010 0.999930 0.000010 0.000010 0.000010 0.000010 0.000010 0.000010
0.000010 0.000011 0.000010 0.000010 0.000010 0.000010 0.999929 0.000010
0.000010 0.230848 0.000010 0.107634 0.000010 0.000010 0.661468 0.000010
0.074775 0.000010 0.216295 0.000010 0.160036 0.042783 0.037812 0.468279
0.000010 0.000010 0.000010 0.485143 0.514797 0.000010 0.000010 0.000010
0.488190 0.052077 0.000010 0.136409 0.252943 0.000010 0.070351 0.000010
0.224037 0.001938 0.035006 0.049561 0.000010 0.000010 0.689428 0.000010
0.000010 0.961759 0.000010 0.038181 0.000010 0.000010 0.000010 0.000010
0.994652 0.000010 0.000010 0.005288 0.000010 0.000010 0.000010 0.000010
0.000010 0.670265 0.042411 0.246912 0.040372 0.000010 0.000010 0.000010
0.459273 0.202814 0.000010 0.000010 0.000010 0.137320 0.200553 0.000010
0.999930 0.000010 0.000010 0.000010 0.000010 0.000010 0.000010 0.000010
0.524543 0.000010 0.000010 0.022182 0.000010 0.000010 0.453225 0.000010
0.000010 0.000010 0.507369 0.169933 0.000010 0.322648 0.000010 0.000010
0.000010 0.000010 0.000010 0.925317 0.000010 0.000010 0.074623 0.000010
0.854783 0.000010 0.014033 0.131134 0.000010 0.000010 0.000010 0.000010
0.999930 0.000010 0.000010 0.000010 0.000010 0.000010 0.000010 0.000010
0.119341 0.000010 0.075130 0.000010 0.000010 0.000010 0.805479 0.000010
0.000010 0.000010 0.000010 0.000010 0.000010 0.000010 0.999930 0.000010
0.000010 0.809113 0.000010 0.190827 0.000010 0.000010 0.000010 0.000010
0.035346 0.357977 0.464968 0.047578 0.008163 0.003785 0.000010 0.082174
0.000010 0.000010 0.045842 0.272397 0.027403 0.000010 0.654317 0.000010
0.673685 0.243067 0.000010 0.042984 0.000010 0.000010 0.000010 0.040224
0.000010 0.071384 0.356741 0.260344 0.006076 0.000010 0.000010 0.305424
0.408959 0.113958 0.001862 0.082518 0.041629 0.000010 0.351054 0.000010
0.000010 0.000010 0.026563 0.098169 0.000010 0.000010 0.875218 0.000010
0.000010 0.999930 0.000010 0.000010 0.000010 0.000010 0.000010 0.000010
0.881401 0.000010 0.000010 0.118539 0.000010 0.000010 0.000010 0.000010
0.000010 0.226350 0.000010 0.773590 0.000010 0.000010 0.000010 0.000010
0.282243 0.305417 0.000010 0.056512 0.068187 0.271175 0.016446 0.000010
0.000010 0.000010 0.000010 0.405101 0.171015 0.000010 0.423834 0.000010
0.189149 0.000010 0.337296 0.000010 0.052979 0.000010 0.420535 0.000010
0.000010 0.989885 0.010055 0.000010 0.000010 0.000010 0.000010 0.000010
0.631348 0.054925 0.042043 0.007614 0.000010 0.000010 0.264039 0.000010
0.000010 0.000010 0.324145 0.110604 0.000010 0.000010 0.000010 0.565201
0.973067 0.000010 0.000010 0.026873 0.000010 0.000010 0.000010 0.000010
0.520695 0.000010 0.000010 0.000010 0.000010 0.000010 0.479245 0.000010
0.000010 0.554804 0.063335 0.287331 0.094490 0.000010 0.000010 0.000010
0.106490 0.511587 0.056260 0.000010 0.168344 0.000010 0.005011 0.152289
0.000010 0.000010 0.000010 0.000010 0.351842 0.000010 0.648098 0.000010
0.000010 0.447229 0.000010 0.115570 0.139210 0.000010 0.297952 0.000010
0.000010 0.729700 0.197965 0.072286 0.000010 0.000010 0.000010 0.000010
0.000010 0.000010 0.420505 0.109027 0.000010 0.000010 0.000010 0.470418
0.262301 0.121359 0.182606 0.000010 0.433694 0.000010 0.000010 0.000010
0.000010 0.000010 0.771094 0.000010 0.000010 0.228846 0.000010 0.000010
0.000010 0.097973 0.663900 0.000010 0.000013 0.000016 0.000010 0.238068
0.000010 0.167523 0.714870 0.095194 0.022373 0.000010 0.000010 0.000010
0.000010 0.572760 0.301639 0.000010 0.000010 0.000010 0.000010 0.125552
0.000010 0.000010 0.084606 0.000010 0.915334 0.000010 0.000010 0.000010
0.273492 0.000010 0.091717 0.000010 0.634741 0.000010 0.000010 0.000010
0.000012 0.223724 0.238731 0.066064 0.018618 0.000010 0.000010 0.452831
0.165988 0.000010 0.833952 0.000010 0.000010 0.000010 0.000010 0.000010
0.000010 0.000010 0.999930 0.000010 0.000010 0.000010 0.000010 0.000010
0.000010 0.323467 0.000010 0.348092 0.145006 0.000010 0.092293 0.091112
0.355398 0.000010 0.492609 0.000010 0.000010 0.000010 0.000010 0.151943
0.000010 0.389935 0.272540 0.060204 0.145806 0.000010 0.000010 0.131485
0.074180 0.925760 0.000010 0.000010 0.000010 0.000010 0.000010 0.000010
0.103355 0.224120 0.310223 0.125946 0.182896 0.053440 0.000010 0.000010
0.000010 0.000010 0.393597 0.091567 0.227392 0.000010 0.000010 0.287404
0.000010 0.000010 0.951938 0.048001 0.000010 0.000010 0.000011 0.000010
0.000010 0.911147 0.088793 0.000010 0.000010 0.000010 0.000010 0.000010
0.328620 0.078279 0.074360 0.000010 0.518701 0.000010 0.000010 0.000010
0.000010 0.000010 0.999930 0.000010 0.000010 0.000010 0.000010 0.000010
0.000010 0.000010 0.890293 0.067761 0.041896 0.000010 0.000010 0.000010
0.097408 0.000010 0.000010 0.116074 0.000010 0.000010 0.000010 0.786468
0.000010 0.000010 0.956367 0.043573 0.000010 0.000010 0.000010 0.000010
0.000010 0.999930 0.000010 0.000010 0.000010 0.000010 0.000010 0.000010
0.000010 0.561030 0.352952 0.085969 0.000010 0.000010 0.000010 0.000010
0.092897 0.060169 0.606043 0.000010 0.051245 0.000010 0.189616 0.000010
0.000010 0.130015 0.247161 0.341706 0.000010 0.000010 0.056279 0.224809
0.000010 0.000010 0.000010 0.022310 0.079007 0.000010 0.000010 0.898633
0.000010 0.000010 0.000010 0.000010 0.000010 0.000010 0.000010 0.999930
0.000010 0.198707 0.217570 0.228781 0.084567 0.156300 0.000010 0.114054
0.000010 0.525285 0.375106 0.099559 0.000010 0.000010 0.000010 0.000010
0.000010 0.753539 0.075980 0.113368 0.057073 0.000010 0.000010 0.000010
0.000010 0.000010 0.999930 0.000010 0.000010 0.000010 0.000010 0.000010
0.000010 0.000010 0.191334 0.168587 0.640029 0.000010 0.000010 0.000010
0.000010 0.451724 0.344898 0.019875 0.000010 0.108209 0.075265 0.000010
0.000010 0.024492 0.479695 0.165933 0.103718 0.000010 0.000010 0.226131
0.000010 0.000010 0.000010 0.305811 0.694129 0.000010 0.000010 0.000010
0.030444 0.661392 0.000010 0.098928 0.000010 0.035023 0.036718 0.137474
0.000010 0.000010 0.969322 0.030618 0.000010 0.000010 0.000010 0.000010
0.000010 0.364317 0.000010 0.140366 0.495267 0.000010 0.000010 0.000010
0.000010 0.000010 0.883167 0.021051 0.095732 0.000010 0.000010 0.000010
0.000010 0.188612 0.000010 0.811328 0.000010 0.000010 0.000010 0.000010
0.000010 0.000010 0.999930 0.000010 0.000010 0.000010 0.000010 0.000010
0.000010 0.999930 0.000010 0.000010 0.000010 0.000010 0.000010 0.000010
0.000010 0.000010 0.999930 0.000010 0.000010 0.000010 0.000010 0.000010
0.000010 0.000010 0.822365 0.041649 0.135936 0.000010 0.000010 0.000010
0.000010 0.471111 0.474052 0.054787 0.000010 0.000010 0.000010 0.000010
0.000010 0.000010 0.021398 0.000010 0.000010 0.000010 0.000010 0.978542
0.057933 0.000010 0.105262 0.000010 0.000010 0.000010 0.000010 0.836755
0.000010 0.153693 0.000010 0.089768 0.505596 0.101679 0.000010 0.149235
0.000010 0.447408 0.084665 0.404237 0.063650 0.000010 0.000010 0.000010
0.000010 0.000010 0.853689 0.050188 0.096073 0.000010 0.000010 0.000010
0.227878 0.279003 0.123455 0.111754 0.152838 0.000010 0.000010 0.105053
0.008805 0.000010 0.516416 0.404138 0.000010 0.000019 0.000010 0.070592
0.000010 0.000010 0.000010 0.000010 0.000010 0.000010 0.000010 0.999930
0.000010 0.000010 0.229612 0.047394 0.371565 0.000010 0.000010 0.351390
0.000010 0.000010 0.735628 0.017892 0.246430 0.000010 0.000010 0.000010
0.000010 0.000010 0.620206 0.000010 0.379734 0.000010 0.000010 0.000010
0.000019 0.767414 0.232514 0.000010 0.000013 0.000010 0.000010 0.000010
0.000010 0.000010 0.000010 0.000010 0.999930 0.000010 0.000010 0.000010
0.000015 0.000010 0.706651 0.102687 0.000010 0.125544 0.065074 0.000010
0.092710 0.227494 0.330097 0.000010 0.081385 0.000010 0.000010 0.268285
0.000010 0.000010 0.290638 0.213739 0.000010 0.000010 0.000010 0.495574
0.000010 0.000010 0.572086 0.159489 0.000010 0.000010 0.000010 0.268375
0.000010 0.000010 0.133323 0.675808 0.026430 0.000010 0.000010 0.164399
0.000010 0.000010 0.000010 0.036211 0.963729 0.000010 0.000010 0.000010
0.053456 0.548508 0.068444 0.000010 0.181560 0.000010 0.000010 0.148002
0.000010 0.000010 0.400282 0.088604 0.071691 0.000010 0.000010 0.439383
0.000010 0.015544 0.108382 0.022483 0.615922 0.004820 0.000010 0.232828
0.087379 0.455253 0.000010 0.156471 0.000010 0.000010 0.000010 0.300857
0.042828 0.082048 0.136437 0.147407 0.221386 0.000010 0.000010 0.369874
0.000010 0.000010 0.999930 0.000010 0.000010 0.000010 0.000010 0.000010
0.156494 0.000010 0.843446 0.000010 0.000010 0.000010 0.000010 0.000010
0.000010 0.000010 0.085910 0.442163 0.000010 0.000010 0.471877 0.000010
0.346282 0.189310 0.464358 0.000010 0.000010 0.000010 0.000010 0.000010
0.000010 0.000010 0.355085 0.025396 0.619469 0.000010 0.000010 0.000010
0.000010 0.000010 0.999930 0.000010 0.000010 0.000010 0.000010 0.000010
0.000010 0.000010 0.351824 0.026007 0.622119 0.000010 0.000010 0.000010
0.000010 0.000010 0.000019 0.000010 0.000014 0.999917 0.000010 0.000010
0.000010 0.000010 0.000010 0.442502 0.499262 0.058185 0.000010 0.000010
0.427371 0.000010 0.498752 0.000010 0.073827 0.000010 0.000010 0.000010
0.000010 0.400311 0.320839 0.027845 0.250964 0.000010 0.000010 0.000010
0.999920 0.000010 0.000010 0.000010 0.000020 0.000010 0.000010 0.000010
0.000010 0.163403 0.448819 0.135937 0.038934 0.000010 0.000010 0.212878
0.091628 0.518804 0.213819 0.000010 0.086561 0.000010 0.089158 0.000010
0.000010 0.000010 0.391357 0.134081 0.474512 0.000010 0.000010 0.000010
0.000010 0.000010 0.146997 0.435448 0.000010 0.000010 0.000010 0.417506
0.291474 0.457534 0.048159 0.000012 0.202791 0.000010 0.000010 0.000010
0.000010 0.000011 0.000018 0.000010 0.000010 0.999921 0.000010 0.000010
0.000010 0.703334 0.220340 0.076276 0.000010 0.000010 0.000010 0.000010
0.000010 0.000010 0.000010 0.000010 0.000010 0.999930 0.000010 0.000010
0.066087 0.000010 0.321015 0.000010 0.000010 0.000010 0.000010 0.612848
0.350139 0.000010 0.000010 0.000010 0.000010 0.000010 0.000010 0.649801
0.149536 0.000010 0.850404 0.000010 0.000010 0.000010 0.000010 0.000010
0.000010 0.000010 0.000010 0.000010 0.160643 0.089503 0.000010 0.749804
0.000010 0.000010 0.107562 0.049224 0.171259 0.000010 0.000010 0.671915
0.000010 0.000010 0.000010 0.999930 0.000010 0.000010 0.000010 0.000010
0.000010 0.000010 0.000010 0.610718 0.389222 0.000010 0.000010 0.000010
0.000010 0.041409 0.036295 0.770243 0.152013 0.000010 0.000010 0.000010
0.000010 0.000010 0.000010 0.999930 0.000010 0.000010 0.000010 0.000010
0.000010 0.000010 0.016894 0.671511 0.169257 0.000010 0.142298 0.000010
0.000010 0.023381 0.000010 0.635961 0.103800 0.000010 0.236818 0.000010
0.000010 0.000010 0.000010 0.487391 0.512549 0.000010 0.000010 0.000010
0.000010 0.000010 0.999930 0.000010 0.000010 0.000010 0.000010 0.000010
0.000010 0.000010 0.490008 0.055035 0.454907 0.000010 0.000010 0.000010
0.000010 0.000010 0.999930 0.000010 0.000010 0.000010 0.000010 0.000010
0.000010 0.000010 0.000010 0.999930 0.000010 0.000010 0.000010 0.000010
0.000010 0.000010 0.000010 0.310579 0.689361 0.000010 0.000010 0.000010
0.000010 0.000010 0.000010 0.000010 0.999930 0.000010 0.000010 0.000010
0.000010 0.000010 0.000010 0.613878 0.386062 0.000010 0.000010 0.000010
0.000010 0.175238 0.079745 0.488144 0.000010 0.030740 0.226103 0.000010
0.000010 0.000010 0.000010 0.254845 0.745095 0.000010 0.000010 0.000010
0.000010 0.058845 0.262564 0.487990 0.000010 0.000010 0.190562 0.000010
0.000010 0.000010 0.031876 0.669328 0.298747 0.000010 0.000010 0.000010
0.000010 0.000010 0.999930 0.000010 0.000010 0.000010 0.000010 0.000010
0.000010 0.000010 0.000010 0.523361 0.476579 0.000010 0.000010 0.000010
0.000010 0.000010 0.000010 0.036669 0.963271 0.000010 0.000010 0.000010
0.058011 0.000010 0.000010 0.000010 0.806121 0.135818 0.000010 0.000010
0.000010 0.000010 0.000010 0.000010 0.999930 0.000010 0.000010 0.000010
0.000010 0.000010 0.000010 0.999928 0.000010 0.000012 0.000010 0.000010
0.000010 0.000010 0.000010 0.999930 0.000010 0.000010 0.000010 0.000010
0.000010 0.000010 0.000010 0.148229 0.851711 0.000010 0.000010 0.000010
0.000010 0.000010 0.184341 0.048873 0.766732 0.000010 0.000014 0.000010
0.000010 0.000010 0.000010 0.243161 0.756779 0.000010 0.000010 0.000010
0.000010 0.000010 0.000010 0.462580 0.537360 0.000010 0.000010 0.000010
0.000010 0.000010 0.000012 0.508415 0.491523 0.000010 0.000010 0.000010
0.000010 0.000010 0.000010 0.340982 0.000010 0.000010 0.000010 0.658958
0.000010 0.000010 0.329630 0.000010 0.000010 0.000010 0.000010 0.670310
0.000010 0.000010 0.000010 0.007618 0.992322 0.000010 0.000010 0.000010
0.000010 0.000010 0.374037 0.260448 0.000010 0.174209 0.191266 0.000010
0.000010 0.000010 0.000010 0.999930 0.000010 0.000010 0.000010 0.000010
0.000010 0.000010 0.000010 0.639150 0.360790 0.000010 0.000010 0.000010
0.000010 0.000010 0.000010 0.672697 0.327243 0.000010 0.000010 0.000010
0.000010 0.000010 0.000010 0.999930 0.000010 0.000010 0.000010 0.000010
0.000010 0.464559 0.000010 0.535381 0.000010 0.000010 0.000010 0.000010
0.000010 0.366368 0.000010 0.227120 0.000010 0.000010 0.406462 0.000010
0.000010 0.000010 0.000010 0.999930 0.000010 0.000010 0.000010 0.000010
0.000010 0.000010 0.117892 0.496722 0.000010 0.029866 0.000010 0.355480
0.185098 0.004940 0.536248 0.132598 0.073842 0.000010 0.000010 0.067255
0.000010 0.000010 0.914030 0.085910 0.000010 0.000010 0.000010 0.000010
0.000010 0.000010 0.691342 0.055440 0.000010 0.253168 0.000010 0.000010
0.000010 0.000010 0.000010 0.549191 0.450749 0.000010 0.000010 0.000010
0.000010 0.000010 0.000010 0.827269 0.172671 0.000010 0.000010 0.000010
0.000010 0.000010 0.079424 0.433202 0.487324 0.000010 0.000010 0.000010
0.000010 0.172668 0.000010 0.322278 0.000010 0.000010 0.505004 0.000010
0.000010 0.000010 0.000010 0.890166 0.109774 0.000010 0.000010 0.000010
0.000010 0.097560 0.024713 0.826006 0.051681 0.000010 0.000010 0.000010
0.000010 0.910882 0.089058 0.000010 0.000010 0.000010 0.000010 0.000010
0.000010 0.000010 0.000010 0.601854 0.398086 0.000010 0.000010 0.000010
0.000010 0.763481 0.000010 0.000010 0.236459 0.000010 0.000010 0.000010
0.122831 0.204830 0.672288 0.000010 0.000010 0.000010 0.000010 0.000010
0.000010 0.000010 0.081514 0.491852 0.000010 0.000010 0.426584 0.000010
0.000010 0.142672 0.720364 0.125671 0.011253 0.000010 0.000010 0.000010
0.000016 0.000010 0.000010 0.616743 0.383191 0.000010 0.000010 0.000010
0.000010 0.468519 0.000010 0.531421 0.000010 0.000010 0.000010 0.000010
0.000010 0.000010 0.000010 0.000010 0.940975 0.000010 0.058965 0.000010
0.000010 0.000010 0.000010 0.892804 0.107136 0.000010 0.000010 0.000010
0.000010 0.752999 0.000010 0.246941 0.000010 0.000010 0.000010 0.000010
0.000010 0.000010 0.000010 0.248929 0.711670 0.039351 0.000010 0.000010
0.000010 0.000010 0.299121 0.377685 0.192887 0.000010 0.050187 0.080091
0.000010 0.000010 0.123702 0.351575 0.524673 0.000010 0.000010 0.000010
0.000010 0.413515 0.000010 0.586425 0.000010 0.000010 0.000010 0.000010
0.000010 0.000010 0.307340 0.276295 0.416315 0.000010 0.000010 0.000010
0.000010 0.022080 0.213722 0.088894 0.474349 0.000010 0.000010 0.200926
0.000010 0.000010 0.043673 0.368672 0.587605 0.000010 0.000010 0.000010
0.000010 0.000010 0.000010 0.668072 0.331868 0.000010 0.000010 0.000010
0.000010 0.000010 0.000010 0.774465 0.225475 0.000010 0.000010 0.000010
0.353939 0.000010 0.000010 0.000010 0.000010 0.000010 0.000010 0.646001
0.000010 0.000010 0.000010 0.548756 0.451184 0.000010 0.000010 0.000010
0.000010 0.000010 0.000010 0.530499 0.469441 0.000010 0.000010 0.000010
0.000010 0.000010 0.000010 0.870945 0.008048 0.000010 0.120957 0.000010
0.000010 0.422999 0.013534 0.052856 0.000010 0.000010 0.510571 0.000010
0.000010 0.583335 0.000010 0.416605 0.000010 0.000010 0.000010 0.000010
0.178196 0.524008 0.033609 0.000010 0.066874 0.197283 0.000010 0.000010
0.098854 0.000010 0.472663 0.184655 0.000010 0.000010 0.000010 0.243788
0.000011 0.000010 0.000010 0.593139 0.406800 0.000010 0.000010 0.000010
0.000010 0.000010 0.000010 0.820395 0.000010 0.000010 0.179545 0.000010
0.000010 0.000010 0.000010 0.651005 0.000010 0.000010 0.142505 0.206440
0.000010 0.281823 0.012910 0.037160 0.000010 0.000010 0.668067 0.000010
0.000010 0.000010 0.000010 0.999930 0.000010 0.000010 0.000010 0.000010
0.000010 0.000010 0.206643 0.285932 0.507375 0.000010 0.000010 0.000010
0.000010 0.000010 0.000010 0.999930 0.000010 0.000010 0.000010 0.000010
0.000017 0.000010 0.764018 0.000010 0.235915 0.000010 0.000010 0.000010
0.231339 0.000010 0.523383 0.000010 0.000010 0.000010 0.000010 0.245228
0.589001 0.000010 0.131467 0.074655 0.000010 0.000010 0.000010 0.204837
