0.999970 0.000010 0.000010 0.000010
0.315402 0.003385 0.238778 0.442435
0.443921 0.000010 0.022136 0.533932
0.955006 0.028617 0.016368 0.000010
0.619712 0.010592 0.000010 0.369687
0.308255 0.000010 0.261644 0.430091
0.350452 0.064763 0.000010 0.584775
0.690113 0.011881 0.000010 0.297996
0.477891 0.039293 0.000010 0.482805
0.063938 0.099589 0.376582 0.459891
0.690284 0.025670 0.284036 0.000010
0.250432 0.040515 0.286163 0.422889
0.716430 0.000010 0.068431 0.215129
0.795718 0.000010 0.000010 0.204262
0.216426 0.018912 0.260175 0.504486
0.367621 0.000010 0.122732 0.509637
0.999970 0.000010 0.000010 0.000010
0.881425 0.040252 0.000010 0.078314
0.227117 0.055871 0.274115 0.442897
0.083221 0.193860 0.281351 0.441568
0.529818 0.020103 0.041275 0.408804
0.174804 0.034890 0.391178 0.399129
0.177273 0.030394 0.480863 0.311471
0.762524 0.101067 0.136399 0.000010
0.955407 0.044573 0.000010 0.000010
0.127640 0.065937 0.412346 0.394076
0.335231 0.042263 0.000010 0.622495
0.434351 0.062872 0.000010 0.502766
0.460445 0.042108 0.060508 0.436939
0.085117 0.100022 0.521614 0.293246
0.490144 0.036242 0.089213 0.384401
0.786386 0.068279 0.000010 0.145325
0.190243 0.044083 0.438145 0.327529
0.113486 0.086719 0.316626 0.483170
0.331954 0.041996 0.000010 0.626040
0.311174 0.018498 0.085684 0.584643
0.251900 0.144663 0.562706 0.040731
0.000010 0.079234 0.552315 0.368441
0.458148 0.090037 0.251453 0.200362
0.591924 0.000010 0.000010 0.408056
0.115597 0.092904 0.280934 0.510565
0.807265 0.037612 0.000010 0.155113
0.000010 0.000010 0.506194 0.493786
0.480840 0.005249 0.283925 0.229986
0.999970 0.000010 0.000010 0.000010
0.528642 0.016533 0.003940 0.450884
0.148762 0.100770 0.494376 0.256091
0.115630 0.010231 0.000010 0.874129
0.787249 0.083259 0.000010 0.129482
0.999970 0.000010 0.000010 0.000010
0.456073 0.052869 0.098008 0.393051
0.247900 0.067639 0.056035 0.628425
0.036173 0.042549 0.419223 0.502055
0.081101 0.072976 0.700937 0.144986
0.330160 0.055128 0.078927 0.535784
0.611920 0.032076 0.079989 0.276015
0.067986 0.050068 0.572881 0.309065
0.425005 0.043404 0.156658 0.374933
0.308065 0.018848 0.126603 0.546485
0.103831 0.039250 0.410998 0.445921
0.724797 0.029952 0.000010 0.245241
0.000010 0.085052 0.119476 0.795462
0.279952 0.113492 0.349708 0.256847
0.300941 0.023209 0.105938 0.569912
0.344684 0.000455 0.428424 0.226438
0.074794 0.063199 0.415532 0.446476
0.535907 0.000010 0.192760 0.271323
0.375885 0.076235 0.501633 0.046246
0.802184 0.038306 0.000010 0.159501
0.622838 0.016707 0.031593 0.328861
0.058384 0.048912 0.367932 0.524772
0.155395 0.051407 0.708062 0.085135
0.238358 0.063425 0.412286 0.285930
0.140238 0.030268 0.314469 0.515025
0.000010 0.100487 0.573262 0.326240
0.149811 0.049533 0.711153 0.089503
0.184159 0.078794 0.737037 0.000010
0.099960 0.133308 0.741701 0.025031
0.143510 0.137792 0.682557 0.036140
0.022728 0.079763 0.789725 0.107784
0.040851 0.082247 0.721760 0.155142
0.000010 0.102596 0.869717 0.027677
0.161244 0.077109 0.761637 0.000010
0.246144 0.060231 0.559115 0.134509
0.208184 0.074131 0.717676 0.000010
0.000010 0.086917 0.913063 0.000010
0.135354 0.000010 0.393908 0.470728
0.409332 0.033145 0.557513 0.000010
0.047091 0.019773 0.768763 0.164373
0.218699 0.048859 0.302947 0.429495
0.147617 0.138181 0.533950 0.180253
0.000010 0.064131 0.760891 0.174968
0.027959 0.087112 0.824177 0.060752
0.033901 0.127537 0.511281 0.327281
0.310813 0.067641 0.621536 0.000010
0.042878 0.058149 0.898963 0.000010
0.013626 0.000010 0.910930 0.075433
0.302418 0.134941 0.354435 0.208206
0.038834 0.063323 0.808978 0.088865
0.029357 0.057415 0.495589 0.417639
0.000010 0.061666 0.627841 0.310483
0.227795 0.076240 0.561912 0.134053
0.096015 0.068956 0.424080 0.410949
0.194176 0.110051 0.501619 0.194153
0.170856 0.050876 0.662733 0.115535
0.064179 0.131523 0.540954 0.263344
0.101857 0.073824 0.520864 0.303455
0.134726 0.042211 0.437925 0.385138
0.124176 0.026472 0.831014 0.018338
0.133416 0.057970 0.591453 0.217161
0.023543 0.080087 0.624380 0.271991
0.105274 0.071553 0.692532 0.130640
0.000010 0.128317 0.520914 0.350759
0.145674 0.118165 0.400748 0.335413
0.000010 0.070033 0.929947 0.000010
0.087220 0.073912 0.447711 0.391156
0.021914 0.000010 0.912230 0.065847
0.000010 0.000010 0.176592 0.823388
0.000010 0.039552 0.960428 0.000010
0.188215 0.058896 0.339000 0.413889
0.184932 0.000010 0.815048 0.000010
0.132449 0.069732 0.765513 0.032306
0.151263 0.059440 0.576975 0.212322
0.188967 0.134546 0.562341 0.114145
0.337964 0.085461 0.502260 0.074315
0.072360 0.109048 0.620791 0.197801
0.000010 0.124952 0.343660 0.531378
0.154812 0.088523 0.753675 0.002990
0.231120 0.040850 0.530287 0.197743
0.197032 0.021420 0.535438 0.246110
0.161716 0.180559 0.555107 0.102618
0.033053 0.116637 0.670590 0.179720
0.126499 0.042229 0.799654 0.031617
0.000010 0.117733 0.882247 0.000010
0.029059 0.055122 0.599138 0.316682
0.263659 0.068790 0.457468 0.210083
0.000010 0.090451 0.767348 0.142191
0.158659 0.033917 0.686060 0.121364
0.362540 0.077017 0.376027 0.184416
0.226644 0.151395 0.495905 0.126056
0.132693 0.000010 0.341053 0.526244
0.102835 0.037894 0.737085 0.122187
0.194520 0.022076 0.663200 0.120204
0.237012 0.070654 0.530867 0.161467
0.167560 0.091142 0.625008 0.116291
0.219135 0.078560 0.295185 0.407120
0.162106 0.054810 0.532136 0.250948
0.032641 0.049211 0.918138 0.000010
0.206267 0.000010 0.793713 0.000010
0.228374 0.035587 0.131799 0.604240
0.225238 0.028149 0.696399 0.050214
0.095986 0.067073 0.677962 0.158979
0.000010 0.079822 0.920158 0.000010
0.095939 0.067199 0.677674 0.159188
0.000010 0.999970 0.000010 0.000010
0.176956 0.170665 0.202449 0.449931
0.423835 0.041429 0.534726 0.000010
0.000010 0.063946 0.739406 0.196638
0.941283 0.016225 0.000010 0.042482
0.072036 0.088283 0.574142 0.265539
0.080127 0.036177 0.623574 0.260122
0.030173 0.095389 0.824637 0.049802
0.037246 0.060301 0.444682 0.457771
0.253237 0.035739 0.604791 0.106233
0.000010 0.999970 0.000010 0.000010
0.000010 0.097922 0.530944 0.371124
0.000010 0.999970 0.000010 0.000010
0.282202 0.045747 0.603583 0.068468
0.540509 0.065604 0.380083 0.013803
0.192180 0.043231 0.764579 0.000010
0.256054 0.172592 0.337606 0.233748
0.290956 0.178039 0.458617 0.072388
0.000010 0.020088 0.000010 0.979892
0.015907 0.023731 0.394027 0.566334
0.000010 0.012853 0.389812 0.597326
0.000010 0.000010 0.164091 0.835889
0.132590 0.038432 0.204136 0.624842
0.163582 0.022320 0.131881 0.682217
0.089185 0.107495 0.263283 0.540036
0.000010 0.075874 0.924106 0.000010
0.005409 0.052432 0.847119 0.095039
0.149485 0.071264 0.779241 0.000010
0.000010 0.007559 0.000010 0.992421
0.064940 0.111719 0.484252 0.339090
0.088327 0.114951 0.683079 0.113643
0.099780 0.095458 0.291097 0.513664
0.173175 0.054029 0.123107 0.649689
0.127087 0.142361 0.455998 0.274554
0.094747 0.036835 0.341914 0.526505
0.157993 0.064755 0.265350 0.511901
0.000010 0.058932 0.941048 0.000010
0.000010 0.017870 0.610707 0.371412
0.034242 0.065394 0.805488 0.094876
0.178435 0.136369 0.562581 0.122615
0.000010 0.176621 0.746705 0.076664
0.000010 0.000010 0.000010 0.999970
0.000010 0.023319 0.000010 0.976661
0.061261 0.116910 0.704058 0.117770
0.170273 0.053054 0.736195 0.040479
0.024347 0.051359 0.705211 0.219083
0.033801 0.047154 0.454884 0.464161
0.048195 0.010893 0.388804 0.552107
0.186688 0.108034 0.099157 0.606120
0.206807 0.055676 0.737507 0.000010
0.060518 0.092808 0.722305 0.124369
0.141578 0.059108 0.311016 0.488299
0.000010 0.000010 0.000010 0.999970
0.000010 0.006364 0.513322 0.480304
0.279522 0.039052 0.073583 0.607843
0.000010 0.007211 0.000010 0.992769
0.040167 0.000010 0.224128 0.735695
0.112903 0.007899 0.287818 0.591380
0.112887 0.000010 0.031878 0.855225
0.180571 0.105132 0.248006 0.466291
0.254554 0.024665 0.618731 0.102050
0.224825 0.096672 0.651431 0.027072
0.155657 0.102663 0.677707 0.063973
0.039731 0.058412 0.379811 0.522046
0.000010 0.041811 0.238589 0.719590
0.000010 0.105399 0.513917 0.380674
0.241616 0.030722 0.080966 0.646696
0.000010 0.024533 0.209651 0.765806
0.126351 0.028012 0.117265 0.728372
0.039779 0.081942 0.505398 0.372881
0.059082 0.000010 0.396216 0.544692
0.000010 0.048507 0.818388 0.133095
0.058488 0.040549 0.900953 0.000010
0.242590 0.010699 0.055295 0.691417
0.108605 0.087261 0.702563 0.101571
0.099558 0.147481 0.236753 0.516209
0.000010 0.051211 0.267967 0.680812
0.085962 0.058128 0.672024 0.183887
0.077116 0.089072 0.092047 0.741766
0.000010 0.108460 0.313810 0.577721
0.000010 0.225280 0.516025 0.258685
0.236061 0.023135 0.424863 0.315941
0.000010 0.027901 0.699367 0.272722
0.000010 0.045540 0.195173 0.759277
0.112706 0.072566 0.678450 0.136278
0.126846 0.096453 0.613539 0.163163
0.000010 0.192712 0.503714 0.303564
0.000010 0.037453 0.380796 0.581741
0.046557 0.000010 0.219685 0.733748
0.541216 0.065546 0.378311 0.014927
0.000010 0.019644 0.547661 0.432685
0.167317 0.036205 0.338267 0.458211
0.166841 0.000010 0.034951 0.798198
0.219268 0.011340 0.278567 0.490825
0.062244 0.022031 0.262411 0.653314
0.154823 0.154528 0.549242 0.141407
0.318809 0.082599 0.532455 0.066136
0.223674 0.027983 0.283448 0.464894
0.010298 0.000010 0.000010 0.989682
0.191192 0.007678 0.072220 0.728911
0.201729 0.033521 0.235712 0.529039
0.000010 0.005198 0.000010 0.994782
0.015939 0.034439 0.717306 0.232316
0.000010 0.021261 0.088804 0.889925
0.000010 0.079505 0.861068 0.059416
0.409528 0.075500 0.514962 0.000010
0.617239 0.055430 0.226625 0.100706
