0.000010 0.999949 0.000010 0.000010 0.000011 0.000010
0.027058 0.170089 0.000010 0.000010 0.000010 0.802823
0.672118 0.325370 0.000010 0.000010 0.000010 0.002483
0.000010 0.999950 0.000010 0.000010 0.000010 0.000010
0.285884 0.714076 0.000010 0.000010 0.000010 0.000010
0.244470 0.334772 0.000010 0.000010 0.000010 0.420728
0.949634 0.000010 0.050326 0.000010 0.000010 0.000010
0.210393 0.789567 0.000010 0.000010 0.000010 0.000010
0.681970 0.317990 0.000010 0.000010 0.000010 0.000010
0.004301 0.104169 0.056164 0.000010 0.041811 0.793545
0.000010 0.862354 0.000010 0.000010 0.137606 0.000010
0.044677 0.121175 0.000010 0.000010 0.000010 0.834119
0.018244 0.727571 0.000010 0.000010 0.000010 0.254156
0.000010 0.999950 0.000010 0.000010 0.000010 0.000010
0.000010 0.071363 0.000010 0.000010 0.000010 0.928597
0.248593 0.334743 0.000010 0.000010 0.000010 0.416634
0.000010 0.999950 0.000010 0.000010 0.000010 0.000010
0.036486 0.963474 0.000010 0.000010 0.000010 0.000010
0.099552 0.184209 0.000010 0.000010 0.000010 0.716209
0.391925 0.000010 0.219859 0.000010 0.054918 0.333278
0.404491 0.595469 0.000010 0.000010 0.000010 0.000010
0.000010 0.000010 0.000010 0.000010 0.000010 0.999950
0.000010 0.000010 0.000010 0.000010 0.037977 0.961983
0.000010 0.999950 0.000010 0.000010 0.000010 0.000010
0.000010 0.999950 0.000010 0.000010 0.000010 0.000010
0.118011 0.085681 0.000010 0.000010 0.043650 0.752637
0.999950 0.000010 0.000010 0.000010 0.000010 0.000010
0.596635 0.403325 0.000010 0.000010 0.000010 0.000010
0.514077 0.476515 0.009378 0.000010 0.000010 0.000010
0.000010 0.000010 0.046610 0.000010 0.233189 0.720171
0.375828 0.473900 0.000010 0.000010 0.000010 0.150242
0.000010 0.956043 0.000010 0.000010 0.043917 0.000010
0.000010 0.115094 0.000010 0.000010 0.074465 0.810412
0.000010 0.000010 0.000010 0.000010 0.000010 0.999950
0.999950 0.000010 0.000010 0.000010 0.000010 0.000010
0.588965 0.175427 0.009501 0.000010 0.000010 0.226087
0.000010 0.085807 0.025076 0.335920 0.514243 0.038944
0.404586 0.000010 0.000010 0.000010 0.595374 0.000010
0.284759 0.486352 0.003939 0.000010 0.224929 0.000010
0.407579 0.470754 0.000010 0.000010 0.000010 0.121637
0.000010 0.000010 0.000010 0.000010 0.000010 0.999950
0.000010 0.999950 0.000010 0.000010 0.000010 0.000010
0.226919 0.000010 0.000010 0.000010 0.112528 0.660523
0.000010 0.455048 0.000010 0.374992 0.000010 0.169929
0.000010 0.999950 0.000010 0.000010 0.000010 0.000010
0.340092 0.659868 0.000010 0.000010 0.000010 0.000010
0.174550 0.000010 0.292097 0.116407 0.416926 0.000010
0.999950 0.000010 0.000010 0.000010 0.000010 0.000010
0.114434 0.885526 0.000010 0.000010 0.000010 0.000010
0.000010 0.999950 0.000010 0.000010 0.000010 0.000010
0.500191 0.426492 0.000010 0.000010 0.011937 0.061361
0.980197 0.000010 0.019763 0.000010 0.000010 0.000010
0.080134 0.000010 0.000010 0.000010 0.000010 0.919826
0.000010 0.062938 0.000010 0.042721 0.568290 0.326031
0.683177 0.197328 0.119464 0.000010 0.000010 0.000010
0.000010 0.708087 0.000010 0.000010 0.000010 0.291873
0.218051 0.000010 0.106414 0.000010 0.496096 0.179419
0.291666 0.519958 0.000010 0.000010 0.000010 0.188345
0.800737 0.051385 0.000010 0.038997 0.000010 0.108860
0.000010 0.000010 0.000010 0.000010 0.000010 0.999950
0.080441 0.919519 0.000010 0.000010 0.000010 0.000010
0.786190 0.000010 0.000010 0.000010 0.000010 0.213770
0.000010 0.000010 0.000010 0.999950 0.000010 0.000010
0.858434 0.000010 0.059676 0.000010 0.081860 0.000010
0.219263 0.325682 0.000010 0.000010 0.316604 0.138432
0.000010 0.000010 0.000010 0.000010 0.000010 0.999950
0.099465 0.761758 0.000010 0.000010 0.019201 0.119556
0.012902 0.106020 0.000010 0.127882 0.621420 0.131766
0.000012 0.999943 0.000015 0.000010 0.000010 0.000010
0.284145 0.715815 0.000010 0.000010 0.000010 0.000010
0.149634 0.000010 0.000010 0.000010 0.163656 0.686680
0.000010 0.129988 0.019938 0.000010 0.340586 0.509468
0.387432 0.157229 0.213085 0.000010 0.242235 0.000010
0.376235 0.000010 0.059329 0.000010 0.066906 0.497510
0.000010 0.000010 0.000010 0.000010 0.210733 0.789227
0.030108 0.000010 0.000010 0.000010 0.749861 0.220001
0.000010 0.260834 0.010176 0.000010 0.642922 0.086048
0.000010 0.000010 0.000010 0.400873 0.599087 0.000010
0.000010 0.000010 0.000010 0.000010 0.828315 0.171645
0.000010 0.000010 0.000010 0.000010 0.817115 0.182845
0.000010 0.000010 0.000010 0.000010 0.421033 0.578927
0.000010 0.000010 0.000010 0.000010 0.999950 0.000010
0.000010 0.333308 0.000010 0.000010 0.666652 0.000010
0.000010 0.000010 0.000010 0.000010 0.557411 0.442549
0.000010 0.189476 0.000010 0.000010 0.810484 0.000010
0.000010 0.000010 0.000010 0.000010 0.999950 0.000010
0.781219 0.000010 0.000010 0.000010 0.218741 0.000010
0.000010 0.404035 0.000010 0.000010 0.595925 0.000010
0.000010 0.000010 0.000010 0.000010 0.640402 0.359558
0.000010 0.071677 0.000010 0.000010 0.000010 0.928283
0.083442 0.093605 0.033286 0.000010 0.651576 0.138081
0.035828 0.000010 0.000010 0.213583 0.750559 0.000010
0.000010 0.000010 0.000010 0.000010 0.999950 0.000010
0.000010 0.000010 0.000010 0.000010 0.065720 0.934240
0.000010 0.366631 0.000010 0.000010 0.613114 0.020224
0.000010 0.000010 0.000010 0.000010 0.999950 0.000010
0.000010 0.000010 0.000010 0.000010 0.999950 0.000010
0.127563 0.199958 0.192310 0.000010 0.323181 0.156977
0.000010 0.000010 0.000010 0.000010 0.999950 0.000010
0.000010 0.000010 0.000010 0.000010 0.000010 0.999950
0.000010 0.000010 0.000010 0.000010 0.309706 0.690254
0.000010 0.112548 0.000010 0.000010 0.623242 0.264181
0.366786 0.000010 0.000010 0.000010 0.404661 0.228523
0.072736 0.000528 0.152803 0.000010 0.491895 0.282027
0.000010 0.000010 0.000010 0.505777 0.401344 0.092849
0.116288 0.000010 0.183918 0.000010 0.389995 0.309779
0.000010 0.000010 0.000010 0.000010 0.383513 0.616447
0.000010 0.000010 0.000010 0.000010 0.185085 0.814875
0.000010 0.071715 0.000010 0.000010 0.766643 0.161612
0.177221 0.000010 0.000010 0.000010 0.822739 0.000010
0.000010 0.000010 0.126523 0.000010 0.403480 0.469967
0.000010 0.043446 0.000010 0.000010 0.809947 0.146577
0.556111 0.000010 0.000010 0.000010 0.443849 0.000010
0.144140 0.033546 0.150675 0.062610 0.033497 0.575533
0.000010 0.000010 0.000010 0.000010 0.999950 0.000010
0.082922 0.000010 0.000010 0.346859 0.238282 0.331917
0.000010 0.000010 0.000010 0.000010 0.999950 0.000010
0.804185 0.000010 0.000010 0.000010 0.036974 0.158811
0.000010 0.000010 0.000010 0.000010 0.999950 0.000010
0.000010 0.000010 0.000010 0.000010 0.000010 0.999950
0.000010 0.070258 0.000010 0.000010 0.929702 0.000010
0.000010 0.000010 0.000010 0.000010 0.999950 0.000010
0.000010 0.000010 0.000010 0.000010 0.515877 0.484083
0.000010 0.000010 0.000010 0.453905 0.395468 0.150598
0.000010 0.125719 0.000010 0.350740 0.292736 0.230785
0.052414 0.000010 0.000010 0.721963 0.225593 0.000010
0.244608 0.000010 0.000010 0.000010 0.234565 0.520797
0.000010 0.000010 0.000010 0.000010 0.986828 0.013132
0.127927 0.248731 0.000010 0.000010 0.452850 0.170472
0.240892 0.030700 0.000010 0.000010 0.728378 0.000010
0.000010 0.000010 0.196633 0.000010 0.555292 0.248045
0.102255 0.045588 0.054641 0.000010 0.797496 0.000010
0.043368 0.000010 0.000010 0.000010 0.956592 0.000010
0.000010 0.000010 0.000010 0.000010 0.999950 0.000010
0.000010 0.000010 0.000010 0.000010 0.228603 0.771357
0.000010 0.000010 0.000010 0.999950 0.000010 0.000010
0.020804 0.000010 0.137388 0.000010 0.701548 0.140239
0.000010 0.097777 0.000010 0.132327 0.602864 0.167012
0.049208 0.000010 0.000010 0.000010 0.429228 0.521534
0.051244 0.000010 0.000010 0.000010 0.907953 0.040773
0.646073 0.000010 0.000010 0.099200 0.254698 0.000010
0.140055 0.000010 0.000010 0.000010 0.859905 0.000010
0.000010 0.065060 0.000010 0.000010 0.572044 0.362866
0.016877 0.000010 0.000010 0.189721 0.703732 0.089651
0.015553 0.000010 0.000010 0.394746 0.589671 0.000010
0.149973 0.109349 0.000010 0.145998 0.032536 0.562135
0.102891 0.112466 0.000010 0.000010 0.677298 0.107325
0.000010 0.058904 0.000010 0.000010 0.941056 0.000010
0.000010 0.219595 0.000010 0.000010 0.780365 0.000010
0.803794 0.013595 0.050713 0.000010 0.057159 0.074730
0.000010 0.369068 0.000010 0.000010 0.446634 0.184268
0.086289 0.000010 0.000010 0.000010 0.913671 0.000010
0.000010 0.000010 0.000010 0.000010 0.999950 0.000010
0.085943 0.000010 0.000010 0.000010 0.914017 0.000010
0.000010 0.000010 0.999950 0.000010 0.000010 0.000010
0.533464 0.000010 0.129904 0.000010 0.336601 0.000010
0.000010 0.418096 0.000010 0.000010 0.581864 0.000010
0.000010 0.000010 0.000010 0.000010 0.692100 0.307860
0.000010 0.999950 0.000010 0.000010 0.000010 0.000010
0.000010 0.000010 0.000010 0.000010 0.778810 0.221150
0.000010 0.144905 0.000010 0.000010 0.307696 0.547369
0.091199 0.000010 0.000010 0.000010 0.908761 0.000010
0.372397 0.000010 0.000010 0.282541 0.260648 0.084394
0.000010 0.266722 0.000010 0.000010 0.430249 0.302999
0.000010 0.000010 0.999950 0.000010 0.000010 0.000010
0.000010 0.000010 0.000010 0.000010 0.204661 0.795299
0.000010 0.000010 0.999950 0.000010 0.000010 0.000010
0.000010 0.089837 0.000010 0.299456 0.604530 0.006157
0.000010 0.452935 0.000010 0.000010 0.406862 0.140173
0.000010 0.173587 0.000010 0.000010 0.826373 0.000010
0.000010 0.000010 0.000010 0.999950 0.000010 0.000010
0.000010 0.000010 0.112283 0.000010 0.527153 0.360534
0.999948 0.000010 0.000012 0.000010 0.000010 0.000010
0.669733 0.000010 0.000010 0.000010 0.330227 0.000010
0.730040 0.000010 0.000010 0.000010 0.269920 0.000010
0.999950 0.000010 0.000010 0.000010 0.000010 0.000010
0.839755 0.000010 0.000010 0.000010 0.160205 0.000010
0.917300 0.000010 0.000010 0.000010 0.015783 0.066886
0.657806 0.000010 0.078784 0.000010 0.263380 0.000010
0.000010 0.000010 0.000010 0.000010 0.923515 0.076445
0.069603 0.000010 0.000010 0.000010 0.930357 0.000010
0.000010 0.096484 0.000018 0.000011 0.903468 0.000010
0.999950 0.000010 0.000010 0.000010 0.000010 0.000010
0.500344 0.000010 0.000010 0.000010 0.499616 0.000010
0.117940 0.000010 0.004740 0.000010 0.877290 0.000010
0.643416 0.000010 0.000010 0.000010 0.356544 0.000010
0.698618 0.023363 0.039006 0.000010 0.024562 0.214441
0.364783 0.000010 0.106517 0.000010 0.528670 0.000010
0.465231 0.000010 0.000010 0.000010 0.196431 0.338308
0.647065 0.000010 0.000010 0.000010 0.352895 0.000010
0.000010 0.000010 0.000010 0.000010 0.999950 0.000010
0.371034 0.000010 0.000010 0.000010 0.628926 0.000010
0.124405 0.000010 0.000010 0.000010 0.875555 0.000010
0.000010 0.000010 0.000010 0.999950 0.000010 0.000010
0.113961 0.000010 0.000345 0.000010 0.885664 0.000010
0.999950 0.000010 0.000010 0.000010 0.000010 0.000010
0.999943 0.000017 0.000010 0.000010 0.000010 0.000010
0.100376 0.000010 0.000010 0.000010 0.899584 0.000010
0.049166 0.000010 0.000010 0.000010 0.950794 0.000010
0.281119 0.000010 0.000010 0.000012 0.718839 0.000010
0.621525 0.000010 0.000010 0.000010 0.378435 0.000010
0.675380 0.000010 0.000010 0.000010 0.324580 0.000010
0.487229 0.000010 0.000010 0.512731 0.000010 0.000010
0.000010 0.000010 0.000010 0.421799 0.578161 0.000010
0.078528 0.000010 0.000010 0.207491 0.713950 0.000010
0.241921 0.000010 0.191118 0.000010 0.315889 0.251052
0.999950 0.000010 0.000010 0.000010 0.000010 0.000010
0.528882 0.000010 0.000010 0.000010 0.471078 0.000010
0.799241 0.000010 0.000010 0.000010 0.200719 0.000010
0.999950 0.000010 0.000010 0.000010 0.000010 0.000010
0.537308 0.000010 0.000010 0.000010 0.000010 0.462652
0.308516 0.000010 0.000010 0.000010 0.000010 0.691444
0.901730 0.000010 0.000010 0.000010 0.098230 0.000010
0.376835 0.000010 0.129863 0.000010 0.271920 0.221362
0.012564 0.206473 0.000010 0.000010 0.773943 0.007000
0.000010 0.020892 0.000010 0.000010 0.858304 0.120773
0.000010 0.000010 0.000010 0.497656 0.502304 0.000010
0.620781 0.000010 0.000010 0.000010 0.379179 0.000010
0.826693 0.000010 0.000010 0.000010 0.173267 0.000010
0.460289 0.000010 0.000010 0.000010 0.539671 0.000010
0.589911 0.000010 0.000010 0.000010 0.000010 0.410049
0.871375 0.000010 0.000010 0.000010 0.128585 0.000010
0.835241 0.000010 0.000010 0.000010 0.080022 0.084708
0.000010 0.000010 0.000010 0.000010 0.000010 0.999950
0.672418 0.000010 0.000010 0.000010 0.327542 0.000010
0.000010 0.000010 0.000010 0.000010 0.503663 0.496297
0.000010 0.173881 0.000010 0.000010 0.786666 0.039423
0.932611 0.000010 0.000010 0.000010 0.067349 0.000010
0.000010 0.000010 0.000010 0.000010 0.803249 0.196711
0.692440 0.000010 0.118890 0.000010 0.188640 0.000010
0.423422 0.000010 0.008236 0.000010 0.051456 0.516866
0.185645 0.000010 0.000010 0.233986 0.580339 0.000010
0.908767 0.000010 0.000010 0.000010 0.091193 0.000010
0.094938 0.000010 0.000010 0.000010 0.000010 0.905022
0.338136 0.000010 0.154351 0.000010 0.507483 0.000010
0.483873 0.000010 0.000010 0.000010 0.516087 0.000010
0.298431 0.000010 0.000010 0.000010 0.701529 0.000010
0.507597 0.000010 0.000010 0.000010 0.000010 0.492363
0.179201 0.000010 0.000010 0.000010 0.820759 0.000010
0.078167 0.000010 0.000010 0.000010 0.830816 0.090987
0.332945 0.000010 0.063030 0.000010 0.603994 0.000010
0.639917 0.000010 0.000010 0.000010 0.360043 0.000010
0.863219 0.000010 0.000010 0.000010 0.136741 0.000010
0.000010 0.458191 0.000010 0.000010 0.396703 0.145075
0.494585 0.000010 0.000010 0.000015 0.505370 0.000010
0.519554 0.000010 0.000010 0.000010 0.480406 0.000010
0.999950 0.000010 0.000010 0.000010 0.000010 0.000010
0.262322 0.006921 0.000010 0.000010 0.000010 0.730727
0.388900 0.000010 0.000010 0.000010 0.000010 0.611060
0.000010 0.000010 0.000010 0.634092 0.070543 0.295335
0.072633 0.127923 0.000010 0.000010 0.799414 0.000010
0.656525 0.000010 0.000010 0.000010 0.343435 0.000010
0.999950 0.000010 0.000010 0.000010 0.000010 0.000010
0.810486 0.000010 0.000010 0.000010 0.161968 0.027516
0.429479 0.000010 0.000010 0.000010 0.000010 0.570481
0.999950 0.000010 0.000010 0.000010 0.000010 0.000010
0.217722 0.000010 0.000010 0.000010 0.782238 0.000010
0.999950 0.000010 0.000010 0.000010 0.000010 0.000010
0.008509 0.000010 0.000010 0.000010 0.991451 0.000010
0.000010 0.292971 0.000010 0.000010 0.521694 0.185306
0.000010 0.629145 0.000010 0.000010 0.192379 0.178446
