0.491532 0.000010 0.000010 0.000010 0.000010 0.000010 0.000010 0.508408
0.073556 0.489434 0.000010 0.106488 0.000707 0.000010 0.138838 0.190958
0.079655 0.113302 0.000010 0.128580 0.040088 0.000010 0.408843 0.229511
0.126008 0.020998 0.000010 0.000010 0.000010 0.000010 0.000010 0.852944
0.193817 0.074606 0.000010 0.000010 0.000010 0.000010 0.413457 0.318080
0.118592 0.219486 0.147382 0.034494 0.000010 0.000010 0.409253 0.070773
0.029675 0.000010 0.000010 0.026226 0.020884 0.073229 0.716983 0.132983
0.045772 0.000010 0.000010 0.034996 0.000010 0.000010 0.211976 0.707217
0.037690 0.000211 0.000010 0.049279 0.175307 0.018502 0.504350 0.214652
0.037136 0.358197 0.158205 0.096576 0.015031 0.085120 0.249724 0.000010
0.000010 0.000010 0.038528 0.000010 0.000010 0.000010 0.000010 0.961412
0.028495 0.400623 0.062419 0.068793 0.000010 0.022040 0.292678 0.124943
0.370915 0.234822 0.000010 0.000010 0.000010 0.000010 0.154857 0.239366
0.164999 0.059005 0.000010 0.036605 0.000010 0.000010 0.101301 0.638060
0.064598 0.592020 0.000010 0.080824 0.000010 0.000010 0.205876 0.056651
0.117368 0.098072 0.082577 0.138459 0.010761 0.000010 0.396392 0.156362
0.999930 0.000010 0.000010 0.000010 0.000010 0.000010 0.000010 0.000010
0.070575 0.000010 0.000010 0.000010 0.000010 0.000010 0.000010 0.929365
0.040682 0.519175 0.000010 0.054923 0.007522 0.037215 0.255024 0.085448
0.000010 0.155278 0.097040 0.067847 0.105545 0.187570 0.379961 0.006749
0.000010 0.000010 0.016339 0.000010 0.008260 0.003913 0.415687 0.555771
0.000010 0.489613 0.116984 0.000010 0.000010 0.006125 0.267991 0.119257
0.000010 0.401469 0.000010 0.032505 0.191233 0.015414 0.184423 0.174936
0.000010 0.000010 0.058764 0.000010 0.000010 0.083271 0.000010 0.857915
0.464393 0.000010 0.000010 0.000010 0.000010 0.031263 0.000010 0.504293
0.000010 0.451874 0.094478 0.103736 0.000010 0.037221 0.204000 0.108671
0.000010 0.000010 0.000010 0.000010 0.000010 0.006437 0.993503 0.000010
0.000010 0.000010 0.000010 0.000010 0.000010 0.041202 0.635200 0.323548
0.074133 0.074933 0.020724 0.060501 0.045308 0.017865 0.427900 0.278637
0.020838 0.399602 0.049483 0.000010 0.231371 0.093211 0.205476 0.000010
0.027832 0.000010 0.124105 0.000010 0.000010 0.012143 0.476745 0.359145
0.010455 0.000010 0.000010 0.000010 0.000010 0.050882 0.024345 0.914278
0.010601 0.406936 0.205458 0.000010 0.000010 0.007165 0.311889 0.057931
0.021236 0.741485 0.000010 0.000010 0.010979 0.060828 0.165443 0.000010
0.000010 0.000010 0.000010 0.000010 0.000010 0.006006 0.993934 0.000010
0.067783 0.257932 0.000010 0.060546 0.043554 0.000148 0.543331 0.026696
0.097445 0.134552 0.214316 0.000010 0.247513 0.124004 0.024325 0.157834
0.007264 0.161344 0.000010 0.291799 0.443725 0.070204 0.025644 0.000010
0.162825 0.112196 0.064271 0.000010 0.130148 0.067422 0.245189 0.217940
0.278034 0.209027 0.000010 0.010653 0.000010 0.000010 0.397848 0.104408
0.016067 0.554215 0.000010 0.115644 0.000010 0.078406 0.235638 0.000010
0.000010 0.000010 0.000010 0.000010 0.000010 0.000010 0.000010 0.999930
0.000010 0.431048 0.140334 0.139248 0.030354 0.000010 0.258986 0.000010
0.174008 0.179910 0.118348 0.000010 0.037747 0.000010 0.265971 0.223997
0.999930 0.000010 0.000010 0.000010 0.000010 0.000010 0.000010 0.000010
0.000010 0.000010 0.000010 0.023885 0.059672 0.000010 0.411459 0.504944
0.005103 0.000010 0.517872 0.121045 0.000010 0.064291 0.163554 0.128115
0.000010 0.000010 0.000010 0.192246 0.000010 0.014575 0.793129 0.000010
0.267176 0.000010 0.000010 0.041515 0.000010 0.070399 0.092861 0.528020
0.999930 0.000010 0.000010 0.000010 0.000010 0.000010 0.000010 0.000010
0.022079 0.081423 0.000010 0.004081 0.116117 0.035840 0.410759 0.329692
0.039489 0.022308 0.071418 0.109424 0.032389 0.054401 0.670560 0.000010
0.000010 0.405255 0.139244 0.044503 0.000010 0.017878 0.393091 0.000010
0.001336 0.370274 0.293878 0.045084 0.125579 0.038380 0.000010 0.125458
0.016853 0.000010 0.119106 0.060345 0.046446 0.039506 0.606557 0.111177
0.045851 0.207146 0.000653 0.015765 0.000010 0.009768 0.133739 0.587068
0.035666 0.168612 0.278604 0.135735 0.191713 0.021958 0.167701 0.000010
0.032089 0.117630 0.000010 0.000010 0.150405 0.024318 0.397140 0.278398
0.024415 0.122233 0.000010 0.000010 0.083324 0.005368 0.670030 0.094610
0.000010 0.525015 0.134642 0.000010 0.000010 0.009681 0.330621 0.000010
0.039406 0.000010 0.000010 0.016879 0.000010 0.000010 0.174449 0.769226
0.021612 0.002228 0.111553 0.405505 0.000010 0.084956 0.374125 0.000010
0.040864 0.234471 0.133541 0.000010 0.026393 0.102371 0.278109 0.184241
0.008725 0.000010 0.044848 0.065675 0.159867 0.015472 0.599138 0.106265
0.000010 0.110199 0.167634 0.000010 0.141827 0.000010 0.232173 0.348137
0.000010 0.506759 0.142437 0.028384 0.000010 0.036349 0.246093 0.039958
0.252852 0.151285 0.044277 0.075283 0.066845 0.000010 0.186667 0.222781
0.092552 0.132499 0.165814 0.011518 0.219118 0.047374 0.000010 0.331115
0.000010 0.000010 0.000010 0.000010 0.000010 0.007394 0.000010 0.992546
0.184115 0.212677 0.000010 0.000010 0.000010 0.000010 0.315931 0.287237
0.000010 0.237822 0.233737 0.059461 0.000010 0.018293 0.440187 0.010480
0.000010 0.525570 0.040002 0.000010 0.281452 0.023484 0.063616 0.065856
0.032852 0.076075 0.019310 0.000010 0.395610 0.062033 0.338292 0.075818
0.000010 0.353186 0.020473 0.046711 0.130363 0.018475 0.430773 0.000010
0.000010 0.466586 0.168267 0.077505 0.088831 0.087302 0.111489 0.000010
0.000010 0.193402 0.396874 0.032864 0.171191 0.010649 0.068559 0.126451
0.000018 0.188978 0.138590 0.000010 0.409709 0.057294 0.000010 0.205391
0.013441 0.000010 0.727090 0.000010 0.000010 0.084830 0.059141 0.115468
0.090691 0.215187 0.532536 0.000010 0.000010 0.093732 0.026250 0.041585
0.013334 0.222103 0.453012 0.000010 0.176770 0.049411 0.085350 0.000010
0.041364 0.534968 0.248179 0.000010 0.072720 0.056593 0.021963 0.024203
0.000010 0.000010 0.297257 0.000010 0.583627 0.074142 0.044935 0.000010
0.019561 0.065435 0.097474 0.000010 0.603213 0.064966 0.000010 0.149330
0.069055 0.247269 0.217778 0.012792 0.166692 0.035394 0.091155 0.159864
0.005407 0.000010 0.782388 0.000010 0.000010 0.011394 0.000010 0.200770
0.000010 0.000010 0.970863 0.000010 0.000010 0.029077 0.000010 0.000010
0.028132 0.070528 0.114937 0.218327 0.246996 0.000010 0.278764 0.042307
0.069718 0.148007 0.345764 0.000010 0.040285 0.000010 0.000010 0.396196
0.000010 0.418515 0.321262 0.049236 0.098112 0.000010 0.011462 0.101394
0.000010 0.549467 0.000010 0.012774 0.000010 0.025576 0.266079 0.146073
0.016613 0.214319 0.200710 0.082062 0.146647 0.120266 0.043069 0.176312
0.040078 0.107322 0.495139 0.074581 0.193405 0.023180 0.066285 0.000010
0.006348 0.005388 0.824822 0.015206 0.000010 0.031224 0.059744 0.057257
0.014593 0.314333 0.269271 0.000010 0.044885 0.096050 0.260848 0.000010
0.038618 0.048486 0.110468 0.000010 0.481364 0.043928 0.000010 0.277117
0.057599 0.000010 0.894008 0.000010 0.000010 0.000010 0.048343 0.000010
0.070718 0.370128 0.299659 0.005139 0.254325 0.000010 0.000010 0.000010
0.085828 0.177256 0.105486 0.000493 0.146366 0.111798 0.211649 0.161126
0.000010 0.000010 0.892410 0.091916 0.003441 0.000010 0.000010 0.012194
0.000010 0.411080 0.270412 0.000010 0.000010 0.026955 0.291513 0.000010
0.063182 0.550209 0.123686 0.148562 0.079516 0.034826 0.000010 0.000010
0.124452 0.178286 0.310996 0.037128 0.152229 0.045034 0.070550 0.081325
0.000010 0.246124 0.291803 0.147328 0.000010 0.040063 0.274652 0.000010
0.024080 0.134539 0.157184 0.069226 0.253132 0.085480 0.109478 0.166882
0.039089 0.261297 0.300182 0.000600 0.175703 0.014558 0.110465 0.098106
0.000010 0.259641 0.242651 0.205868 0.097108 0.113119 0.000010 0.081592
0.068954 0.366899 0.176102 0.189177 0.052046 0.046824 0.004487 0.095510
0.024347 0.384145 0.137316 0.075948 0.052435 0.018087 0.243138 0.064584
0.031102 0.347117 0.439410 0.000010 0.068005 0.000010 0.000010 0.114336
0.023970 0.000010 0.215837 0.105128 0.408018 0.032987 0.129596 0.084454
0.057780 0.496186 0.162691 0.122611 0.084632 0.057511 0.018579 0.000010
0.000010 0.024978 0.476087 0.000010 0.216597 0.037860 0.116668 0.127790
0.000010 0.000010 0.000010 0.234881 0.598755 0.117057 0.049268 0.000010
0.000010 0.168282 0.246538 0.036046 0.000010 0.096319 0.271526 0.181269
0.000010 0.155569 0.625604 0.000010 0.190160 0.028627 0.000010 0.000010
0.000010 0.274456 0.117730 0.207301 0.135339 0.053912 0.089654 0.121598
0.069621 0.249053 0.367040 0.021850 0.292406 0.000010 0.000010 0.000010
0.000010 0.255454 0.000010 0.669051 0.075445 0.000010 0.000010 0.000010
0.000010 0.020134 0.824845 0.000010 0.131169 0.000010 0.000010 0.023812
0.014568 0.543318 0.068899 0.000010 0.000010 0.032856 0.291753 0.048586
0.081350 0.124391 0.464990 0.000010 0.178421 0.000010 0.000010 0.150817
0.104880 0.000010 0.480312 0.091278 0.284043 0.039172 0.000010 0.000295
0.006132 0.305381 0.349414 0.000010 0.017984 0.022742 0.206081 0.092255
0.000010 0.216235 0.330971 0.000010 0.055020 0.095258 0.120941 0.181555
0.050441 0.236999 0.259336 0.000010 0.047528 0.048503 0.037472 0.319711
0.042405 0.394403 0.059958 0.026378 0.276345 0.102156 0.098346 0.000010
0.000010 0.260017 0.056231 0.418913 0.117042 0.106864 0.000010 0.040913
0.096870 0.102626 0.575197 0.000010 0.114414 0.042803 0.039379 0.028701
0.000010 0.379299 0.029330 0.077095 0.137193 0.010579 0.000010 0.366485
0.049153 0.054417 0.359155 0.209556 0.132194 0.000010 0.000010 0.195505
0.031873 0.117872 0.253960 0.019777 0.212488 0.150592 0.063843 0.149595
0.000010 0.046051 0.363756 0.044180 0.325238 0.081642 0.117500 0.021622
0.049355 0.113437 0.563145 0.000010 0.142467 0.000010 0.094416 0.037160
0.000010 0.000010 0.684308 0.000010 0.225247 0.070819 0.019586 0.000010
0.000010 0.361184 0.377693 0.000010 0.000010 0.012643 0.248439 0.000010
0.125094 0.000010 0.000010 0.049394 0.535560 0.065238 0.218271 0.006423
0.042304 0.189793 0.520028 0.088504 0.110258 0.049093 0.000010 0.000010
0.035456 0.491935 0.143055 0.000010 0.140853 0.006975 0.000010 0.181705
0.034953 0.124419 0.153170 0.043516 0.126488 0.048733 0.103527 0.365195
0.004924 0.047406 0.488174 0.000010 0.000010 0.118376 0.130026 0.211075
0.000010 0.102849 0.109955 0.218727 0.142980 0.000010 0.310482 0.114988
0.020000 0.000010 0.082145 0.000010 0.667670 0.015647 0.214508 0.000010
0.000010 0.610638 0.000010 0.000010 0.129821 0.000010 0.000010 0.259491
0.079922 0.224010 0.244088 0.000010 0.127777 0.041656 0.200338 0.082200
0.108338 0.156061 0.325567 0.000010 0.203898 0.055894 0.150222 0.000010
0.011505 0.335275 0.078346 0.074537 0.032860 0.055864 0.261521 0.150090
0.007031 0.229228 0.092123 0.080852 0.284818 0.045187 0.151098 0.109663
0.007261 0.018195 0.676893 0.000010 0.225624 0.010024 0.000010 0.061983
0.040666 0.255265 0.440053 0.000010 0.065603 0.000010 0.000010 0.198383
0.001775 0.039176 0.152788 0.067983 0.050724 0.014786 0.591180 0.081588
0.040449 0.235790 0.375040 0.000010 0.129789 0.000010 0.000010 0.218902
0.090410 0.000010 0.378984 0.117604 0.334014 0.038136 0.040832 0.000010
0.000010 0.084265 0.904603 0.000010 0.000010 0.011082 0.000010 0.000010
0.090545 0.000010 0.377388 0.117558 0.334934 0.038433 0.041122 0.000010
0.000010 0.000010 0.000014 0.000010 0.000010 0.999926 0.000010 0.000010
0.115610 0.000010 0.000010 0.329208 0.330591 0.161976 0.062584 0.000010
0.263931 0.000010 0.541724 0.000010 0.053820 0.000010 0.000010 0.140485
0.000010 0.573650 0.016040 0.059818 0.252054 0.046448 0.000010 0.051969
0.000010 0.000010 0.000010 0.000010 0.000010 0.000010 0.000010 0.999930
0.000010 0.204912 0.319316 0.100014 0.067008 0.068742 0.081605 0.158393
0.000010 0.233738 0.178686 0.093570 0.261770 0.013687 0.108091 0.110448
0.005660 0.030860 0.403561 0.000010 0.408601 0.059087 0.092210 0.000010
0.006428 0.213324 0.304211 0.246111 0.000010 0.030206 0.163536 0.036173
0.105189 0.576368 0.000010 0.000010 0.120682 0.007043 0.000010 0.190687
0.000010 0.000010 0.000010 0.000010 0.000010 0.999930 0.000010 0.000010
0.108153 0.620055 0.000010 0.088820 0.017941 0.090965 0.074045 0.000010
0.000010 0.000010 0.000010 0.000010 0.000010 0.999930 0.000010 0.000010
0.084713 0.242265 0.242991 0.000010 0.160071 0.009359 0.117040 0.143551
0.036533 0.194590 0.173998 0.000010 0.000010 0.025976 0.000010 0.568873
0.136282 0.177408 0.542325 0.000010 0.087170 0.005653 0.000010 0.051142
0.114143 0.014234 0.005939 0.109976 0.372112 0.161089 0.127480 0.095026
0.011980 0.033845 0.111452 0.006096 0.340255 0.165037 0.000010 0.331325
0.000010 0.000010 0.000010 0.727782 0.000010 0.011176 0.260992 0.000010
0.056018 0.000010 0.000010 0.434004 0.403374 0.011064 0.095510 0.000010
0.000010 0.143571 0.066871 0.215869 0.197224 0.000010 0.376435 0.000010
0.000010 0.000010 0.000010 0.296082 0.162809 0.000010 0.541060 0.000010
0.018966 0.000010 0.072641 0.253091 0.220470 0.028485 0.385639 0.020698
0.020012 0.045116 0.081272 0.290188 0.104243 0.006585 0.420219 0.032365
0.030286 0.000010 0.000010 0.295575 0.339826 0.105047 0.229236 0.000010
0.029589 0.125691 0.598903 0.000010 0.211047 0.034739 0.000010 0.000010
0.000010 0.030025 0.397766 0.002702 0.466189 0.018599 0.039491 0.045217
0.000010 0.000010 0.756778 0.000010 0.000010 0.023943 0.000010 0.219230
0.000010 0.000010 0.000010 0.697906 0.000010 0.000010 0.302034 0.000010
0.000010 0.000010 0.000010 0.107562 0.609683 0.110729 0.171987 0.000010
0.015986 0.000010 0.000010 0.012082 0.838878 0.133013 0.000010 0.000010
0.000010 0.000010 0.000010 0.350289 0.387312 0.075108 0.154014 0.033247
0.000010 0.149601 0.012281 0.228091 0.068976 0.040472 0.417614 0.082955
0.053673 0.000010 0.000010 0.197223 0.563313 0.132025 0.021001 0.032746
0.000010 0.204968 0.183425 0.160913 0.014956 0.013274 0.357940 0.064515
0.015084 0.000010 0.176462 0.234725 0.162396 0.042322 0.311652 0.057349
0.000010 0.000010 0.999930 0.000010 0.000010 0.000010 0.000010 0.000010
0.000010 0.108705 0.000010 0.406651 0.476429 0.008175 0.000010 0.000010
0.000010 0.060472 0.000010 0.000010 0.880201 0.059277 0.000010 0.000010
0.110640 0.399959 0.000010 0.000010 0.268797 0.128454 0.085019 0.007111
0.000010 0.000010 0.000010 0.000010 0.830153 0.169787 0.000010 0.000010
0.000010 0.000010 0.000010 0.999930 0.000010 0.000010 0.000010 0.000010
0.000010 0.000010 0.000010 0.999930 0.000010 0.000010 0.000010 0.000010
0.045946 0.011531 0.077023 0.133397 0.643639 0.088444 0.000010 0.000010
0.000385 0.000010 0.230924 0.000010 0.630183 0.015768 0.017438 0.105282
0.000010 0.050451 0.000010 0.130944 0.763898 0.027255 0.027422 0.000010
0.022319 0.000010 0.026824 0.399751 0.465608 0.030127 0.055351 0.000010
0.045350 0.000010 0.000010 0.444111 0.444687 0.000010 0.065811 0.000010
0.000010 0.101429 0.000010 0.309123 0.059179 0.088927 0.196069 0.245253
0.044310 0.000010 0.498584 0.000010 0.252319 0.008676 0.132895 0.063195
0.000010 0.002254 0.176571 0.000010 0.594057 0.068026 0.159063 0.000010
0.000010 0.210838 0.226455 0.252414 0.000010 0.040007 0.179399 0.090866
0.000010 0.000010 0.000010 0.999930 0.000010 0.000010 0.000010 0.000010
0.000010 0.028792 0.075104 0.518632 0.377432 0.000010 0.000010 0.000010
0.066969 0.000010 0.000010 0.282288 0.273098 0.016560 0.329579 0.031487
0.000010 0.000010 0.000010 0.660273 0.000010 0.000010 0.339667 0.000010
0.032793 0.224731 0.000010 0.570604 0.081427 0.000010 0.090415 0.000010
0.000010 0.339912 0.000010 0.123487 0.116145 0.000010 0.420415 0.000010
0.000010 0.000010 0.000010 0.746411 0.047555 0.000010 0.053143 0.152851
0.023213 0.000010 0.075035 0.245891 0.159513 0.095747 0.238809 0.161780
0.092908 0.070190 0.388615 0.057609 0.158867 0.000010 0.048438 0.183363
0.049587 0.174104 0.480936 0.000010 0.000010 0.059082 0.043525 0.192746
0.000010 0.131203 0.432737 0.009890 0.141459 0.069212 0.000010 0.215478
0.000010 0.000010 0.000010 0.240460 0.456089 0.038565 0.264846 0.000010
0.000010 0.000010 0.000010 0.290535 0.218969 0.048826 0.441631 0.000010
0.000010 0.000010 0.060296 0.377567 0.392593 0.091216 0.000010 0.078298
0.003606 0.276007 0.002548 0.052134 0.000010 0.015557 0.650128 0.000010
0.000010 0.000010 0.007244 0.276758 0.209114 0.017009 0.489845 0.000010
0.004754 0.089068 0.059232 0.286035 0.042540 0.021494 0.471799 0.025078
0.063321 0.424845 0.200847 0.105309 0.025427 0.055218 0.125024 0.000010
0.000010 0.000010 0.000010 0.207066 0.439285 0.000010 0.353599 0.000010
0.000010 0.928621 0.000010 0.000010 0.058919 0.012410 0.000010 0.000010
0.000010 0.273490 0.541833 0.000010 0.063924 0.000010 0.000010 0.120713
0.048849 0.115403 0.063433 0.150919 0.000010 0.000010 0.609032 0.012343
0.056418 0.127882 0.515527 0.037396 0.072523 0.053714 0.050481 0.086059
0.000010 0.000010 0.038946 0.192790 0.218625 0.133021 0.351677 0.064921
0.000010 0.209147 0.131656 0.514067 0.029944 0.031280 0.083886 0.000010
0.030313 0.000010 0.065251 0.004324 0.656599 0.053452 0.190042 0.000010
0.000010 0.000010 0.021588 0.370492 0.118488 0.078031 0.390323 0.021057
0.000010 0.469517 0.000010 0.353899 0.042097 0.097315 0.037142 0.000010
0.000010 0.000010 0.000010 0.222365 0.556345 0.221240 0.000010 0.000010
0.039877 0.110971 0.220601 0.029261 0.180919 0.000010 0.344797 0.073564
0.000010 0.000010 0.161760 0.127252 0.548478 0.004002 0.158477 0.000010
0.000010 0.442191 0.000010 0.525175 0.000010 0.032585 0.000010 0.000010
0.000010 0.000010 0.351129 0.068130 0.275210 0.038724 0.042434 0.224353
0.035611 0.114670 0.196200 0.000010 0.348077 0.074640 0.230781 0.000010
0.002586 0.003904 0.076277 0.248119 0.458708 0.174079 0.004577 0.031749
0.000010 0.055242 0.092616 0.397602 0.243987 0.022274 0.188259 0.000010
0.000010 0.000010 0.000010 0.285641 0.294369 0.000010 0.419939 0.000010
0.036236 0.195730 0.171193 0.000010 0.000010 0.026174 0.000010 0.570637
0.000010 0.000010 0.180874 0.226710 0.376185 0.006516 0.209685 0.000010
0.000010 0.000010 0.000010 0.322433 0.361623 0.019658 0.099222 0.197035
0.035025 0.000010 0.000010 0.224395 0.118882 0.000010 0.621659 0.000010
0.060239 0.281848 0.147447 0.000010 0.039261 0.000010 0.471174 0.000010
0.000010 0.289418 0.068829 0.259798 0.017418 0.001320 0.363197 0.000010
0.045969 0.691753 0.000010 0.000010 0.000010 0.151277 0.000010 0.110960
0.051094 0.105675 0.338232 0.043855 0.067387 0.052431 0.000010 0.341315
0.009649 0.000010 0.000010 0.225891 0.314877 0.016534 0.287831 0.145198
0.017568 0.000010 0.000010 0.545795 0.000010 0.000010 0.436587 0.000010
0.000010 0.166244 0.035224 0.300325 0.000010 0.000010 0.466424 0.031753
0.000010 0.407385 0.045544 0.000010 0.000010 0.013603 0.533428 0.000010
0.000010 0.000010 0.000010 0.574280 0.000010 0.010472 0.415198 0.000010
0.021478 0.000010 0.200547 0.137711 0.520712 0.015205 0.104327 0.000010
0.066513 0.000010 0.000010 0.832293 0.093290 0.007864 0.000010 0.000010
0.042535 0.000010 0.913228 0.000010 0.000010 0.020773 0.023425 0.000010
0.019023 0.078344 0.418273 0.000010 0.000010 0.032732 0.000010 0.451598
0.063264 0.000010 0.128426 0.006235 0.086057 0.029644 0.026953 0.659411
