0.999930 0.000010 0.000010 0.000010 0.000010 0.000010 0.000010 0.000010
0.178496 0.821444 0.000010 0.000010 0.000010 0.000010 0.000010 0.000010
0.209823 0.000010 0.000010 0.256050 0.000010 0.000010 0.534077 0.000010
0.999930 0.000010 0.000010 0.000010 0.000010 0.000010 0.000010 0.000010
0.364335 0.000010 0.000010 0.000010 0.000010 0.000010 0.635605 0.000010
0.131481 0.316233 0.071548 0.000010 0.000010 0.000010 0.480699 0.000010
0.000010 0.000010 0.000010 0.404310 0.000010 0.000010 0.595630 0.000010
0.818433 0.000010 0.000010 0.150058 0.000010 0.000010 0.031459 0.000010
0.055397 0.000010 0.000010 0.167290 0.000010 0.000010 0.777263 0.000010
0.050228 0.615233 0.000010 0.000010 0.304130 0.030369 0.000010 0.000010
0.858298 0.000010 0.141642 0.000010 0.000010 0.000010 0.000010 0.000010
0.064288 0.623541 0.000010 0.000010 0.000010 0.000010 0.204025 0.108105
0.709877 0.153376 0.000010 0.000010 0.000010 0.000010 0.136697 0.000010
0.999930 0.000010 0.000010 0.000010 0.000010 0.000010 0.000010 0.000010
0.089821 0.910119 0.000010 0.000010 0.000010 0.000010 0.000010 0.000010
0.147958 0.263077 0.000010 0.000010 0.000010 0.000010 0.588915 0.000010
0.999930 0.000010 0.000010 0.000010 0.000010 0.000010 0.000010 0.000010
0.960510 0.000010 0.000010 0.039430 0.000010 0.000010 0.000010 0.000010
0.165474 0.558037 0.000010 0.101770 0.168976 0.005713 0.000010 0.000010
0.000010 0.168386 0.017725 0.364546 0.000010 0.222946 0.226367 0.000010
0.473489 0.000010 0.066203 0.000010 0.000010 0.000010 0.460258 0.000010
0.000010 0.999930 0.000010 0.000010 0.000010 0.000010 0.000010 0.000010
0.000010 0.796962 0.000010 0.000010 0.202978 0.000010 0.000010 0.000010
0.999930 0.000010 0.000010 0.000010 0.000010 0.000010 0.000010 0.000010
0.999930 0.000010 0.000010 0.000010 0.000010 0.000010 0.000010 0.000010
0.089359 0.728842 0.043333 0.138427 0.000010 0.000010 0.000010 0.000010
0.000010 0.000010 0.000010 0.000010 0.000010 0.000010 0.999930 0.000010
0.240577 0.000010 0.000010 0.000010 0.000010 0.000010 0.759363 0.000010
0.315874 0.000010 0.000010 0.097438 0.000010 0.000010 0.586637 0.000010
0.000010 0.654214 0.079321 0.000010 0.103594 0.000010 0.000010 0.162831
0.296722 0.000010 0.030876 0.000010 0.000010 0.000010 0.672352 0.000010
0.930047 0.000010 0.000010 0.069893 0.000010 0.000010 0.000010 0.000010
0.036463 0.709145 0.103772 0.000010 0.000010 0.000010 0.000010 0.150580
0.000010 0.999930 0.000010 0.000010 0.000010 0.000010 0.000010 0.000010
0.000010 0.000010 0.000010 0.000010 0.000010 0.000010 0.999930 0.000010
0.000010 0.249403 0.000010 0.097372 0.000010 0.000010 0.653175 0.000010
0.070043 0.000010 0.206873 0.058745 0.000010 0.034582 0.037780 0.591957
0.000010 0.000010 0.122719 0.877221 0.000010 0.000010 0.000010 0.000010
0.469047 0.015731 0.062863 0.319140 0.000010 0.036757 0.039099 0.057355
0.266434 0.040331 0.014378 0.000010 0.000010 0.000010 0.678816 0.000010
0.000010 0.999930 0.000010 0.000010 0.000010 0.000010 0.000010 0.000010
0.999930 0.000010 0.000010 0.000010 0.000010 0.000010 0.000010 0.000010
0.000010 0.590211 0.053121 0.282528 0.074099 0.000010 0.000010 0.000010
0.409689 0.107740 0.000010 0.000010 0.330936 0.000010 0.151595 0.000010
0.999930 0.000010 0.000010 0.000010 0.000010 0.000010 0.000010 0.000010
0.539071 0.000010 0.000010 0.007058 0.000010 0.000010 0.453820 0.000010
0.000010 0.000010 0.477083 0.181880 0.000010 0.340987 0.000010 0.000010
0.000010 0.000010 0.000010 0.912782 0.000010 0.000010 0.087158 0.000010
0.892220 0.000010 0.001480 0.106249 0.000010 0.000010 0.000010 0.000010
0.999930 0.000010 0.000010 0.000010 0.000010 0.000010 0.000010 0.000010
0.173776 0.000010 0.100382 0.000010 0.000010 0.000010 0.725791 0.000010
0.000010 0.000010 0.000010 0.000010 0.000010 0.000010 0.999930 0.000010
0.000010 0.910531 0.000010 0.089409 0.000010 0.000010 0.000010 0.000010
0.000010 0.102227 0.454773 0.000010 0.442950 0.000010 0.000010 0.000010
0.000010 0.000010 0.000010 0.353293 0.000010 0.000010 0.646647 0.000010
0.701934 0.298006 0.000010 0.000010 0.000010 0.000010 0.000010 0.000010
0.000010 0.052511 0.283256 0.312322 0.000010 0.000010 0.000010 0.351871
0.421681 0.048204 0.000010 0.160325 0.028625 0.000010 0.341135 0.000010
0.000010 0.000017 0.055497 0.059145 0.000010 0.000010 0.885301 0.000010
0.000010 0.999930 0.000010 0.000010 0.000010 0.000010 0.000010 0.000010
0.952326 0.000010 0.000010 0.047606 0.000010 0.000018 0.000010 0.000010
0.000010 0.300981 0.000010 0.698959 0.000010 0.000010 0.000010 0.000010
0.201636 0.000010 0.000010 0.009632 0.788682 0.000010 0.000010 0.000010
0.000010 0.000010 0.000010 0.562699 0.000010 0.000010 0.437241 0.000010
0.205411 0.000010 0.388492 0.000010 0.000010 0.000010 0.406047 0.000010
0.000010 0.999930 0.000010 0.000010 0.000010 0.000010 0.000010 0.000010
0.621883 0.000010 0.012055 0.000010 0.095679 0.000010 0.270343 0.000010
0.000010 0.000010 0.216241 0.131731 0.000010 0.000010 0.000010 0.651978
0.999930 0.000010 0.000010 0.000010 0.000010 0.000010 0.000010 0.000010
0.537297 0.000010 0.000010 0.000010 0.000010 0.000010 0.462643 0.000010
0.000010 0.637160 0.183983 0.178807 0.000010 0.000010 0.000010 0.000010
0.000010 0.263555 0.000010 0.000010 0.527937 0.000010 0.000010 0.208458
0.000010 0.000010 0.192824 0.000010 0.152458 0.000010 0.654668 0.000010
0.000010 0.383165 0.095100 0.173572 0.045930 0.000010 0.302203 0.000010
0.000010 0.737244 0.145993 0.050920 0.000010 0.000013 0.000010 0.065800
0.000010 0.000010 0.347249 0.138000 0.000010 0.000010 0.000010 0.514702
0.225785 0.000010 0.335015 0.000010 0.439150 0.000010 0.000010 0.000010
0.000010 0.000010 0.519629 0.000010 0.000010 0.239181 0.000010 0.241140
0.000010 0.105342 0.494232 0.000010 0.000014 0.000017 0.000010 0.400365
0.000010 0.172488 0.643168 0.184294 0.000010 0.000010 0.000010 0.000010
0.000010 0.121559 0.238749 0.000010 0.426836 0.000010 0.000010 0.212816
0.000010 0.000010 0.863762 0.136178 0.000010 0.000010 0.000010 0.000010
0.104879 0.000010 0.379721 0.000010 0.515350 0.000010 0.000010 0.000010
0.000010 0.240043 0.123857 0.091316 0.000010 0.000010 0.000010 0.544743
0.189959 0.000010 0.809981 0.000010 0.000010 0.000010 0.000010 0.000010
0.000010 0.000010 0.999930 0.000010 0.000010 0.000010 0.000010 0.000010
0.000010 0.310782 0.000010 0.424280 0.000010 0.000010 0.163897 0.101000
0.365990 0.000010 0.383021 0.000010 0.000010 0.000010 0.000010 0.250939
0.000010 0.131952 0.210992 0.193656 0.243815 0.000010 0.000010 0.219555
0.081323 0.918617 0.000010 0.000010 0.000010 0.000010 0.000010 0.000010
0.000010 0.000010 0.075290 0.192369 0.498067 0.000010 0.000010 0.234234
0.000010 0.000010 0.471559 0.192561 0.000010 0.000010 0.000010 0.335830
0.000010 0.000010 0.999930 0.000010 0.000010 0.000010 0.000010 0.000010
0.000010 0.965695 0.034238 0.000010 0.000010 0.000017 0.000010 0.000010
0.286242 0.000010 0.406422 0.000010 0.307286 0.000010 0.000010 0.000010
0.000010 0.000010 0.999930 0.000010 0.000010 0.000010 0.000010 0.000010
0.000010 0.000010 0.894312 0.105628 0.000010 0.000010 0.000010 0.000010
0.149160 0.030676 0.000010 0.096468 0.000010 0.141799 0.054415 0.527461
0.000010 0.000010 0.900461 0.052233 0.000010 0.000010 0.000010 0.047256
0.000010 0.999930 0.000010 0.000010 0.000010 0.000010 0.000010 0.000010
0.000010 0.663671 0.336269 0.000010 0.000010 0.000010 0.000010 0.000010
0.130623 0.273805 0.509307 0.009073 0.000010 0.077162 0.000010 0.000010
0.000010 0.214609 0.221696 0.251804 0.000010 0.000010 0.063117 0.248744
0.000010 0.000010 0.000010 0.078581 0.000010 0.000010 0.091037 0.830332
0.000010 0.000010 0.000010 0.000010 0.000010 0.000010 0.000010 0.999930
0.000010 0.179490 0.172784 0.302420 0.000010 0.171363 0.000010 0.173913
0.000010 0.674944 0.324996 0.000010 0.000010 0.000010 0.000010 0.000010
0.000010 0.805314 0.092342 0.102294 0.000010 0.000010 0.000010 0.000010
0.055257 0.059818 0.723030 0.000010 0.000010 0.000010 0.000010 0.161855
0.000010 0.000010 0.602476 0.397464 0.000010 0.000010 0.000010 0.000010
0.000010 0.339086 0.313207 0.000010 0.133574 0.092486 0.121617 0.000010
0.000010 0.025653 0.427343 0.217645 0.000010 0.000010 0.000010 0.329320
0.000010 0.000010 0.029379 0.970561 0.000010 0.000010 0.000010 0.000010
0.000010 0.662259 0.000010 0.074357 0.099091 0.000010 0.000010 0.164253
0.000010 0.000010 0.840360 0.108743 0.000010 0.000010 0.000010 0.050847
0.000010 0.190508 0.146756 0.201641 0.461055 0.000010 0.000010 0.000010
0.000010 0.000010 0.934781 0.065159 0.000010 0.000010 0.000010 0.000010
0.000010 0.000010 0.000010 0.999930 0.000010 0.000010 0.000010 0.000010
0.000010 0.000010 0.999930 0.000010 0.000010 0.000010 0.000010 0.000010
0.037676 0.962264 0.000010 0.000010 0.000010 0.000010 0.000010 0.000010
0.000010 0.000010 0.999930 0.000010 0.000010 0.000010 0.000010 0.000010
0.000010 0.000010 0.874166 0.125774 0.000010 0.000010 0.000010 0.000010
0.000010 0.503389 0.420738 0.075823 0.000010 0.000010 0.000010 0.000010
0.000010 0.000010 0.000010 0.000010 0.000010 0.000010 0.000010 0.999930
0.071322 0.000010 0.000010 0.000010 0.000010 0.000010 0.000010 0.928618
0.000010 0.000010 0.000010 0.000010 0.999930 0.000010 0.000010 0.000010
0.000010 0.548429 0.063836 0.387686 0.000010 0.000010 0.000010 0.000010
0.000010 0.001788 0.873461 0.124701 0.000010 0.000010 0.000010 0.000010
0.165065 0.000010 0.057418 0.160791 0.496294 0.000010 0.000010 0.120402
0.021586 0.000010 0.312407 0.465503 0.000010 0.000010 0.000010 0.200464
0.000010 0.000010 0.000010 0.000010 0.000010 0.000010 0.000010 0.999930
0.000010 0.000010 0.388659 0.196096 0.000010 0.039083 0.000010 0.376122
0.000010 0.000010 0.778303 0.221637 0.000010 0.000010 0.000010 0.000010
0.000010 0.000010 0.999930 0.000010 0.000010 0.000010 0.000010 0.000010
0.000010 0.768691 0.231249 0.000010 0.000010 0.000010 0.000010 0.000010
0.000010 0.000010 0.000010 0.203385 0.796555 0.000010 0.000010 0.000010
0.000010 0.133362 0.646183 0.000010 0.000010 0.103282 0.117133 0.000010
0.068784 0.000010 0.281197 0.000010 0.389871 0.000010 0.000010 0.260107
0.000010 0.041654 0.230172 0.218229 0.000010 0.000010 0.000010 0.509904
0.000010 0.000010 0.000010 0.000010 0.000010 0.000010 0.000010 0.999930
0.000010 0.026229 0.000010 0.767773 0.205948 0.000010 0.000010 0.000010
0.000010 0.000010 0.573488 0.334644 0.091818 0.000010 0.000010 0.000010
0.000010 0.000010 0.000010 0.065526 0.660021 0.000010 0.000010 0.274403
0.000010 0.000010 0.400848 0.058356 0.000010 0.000010 0.000010 0.540746
0.000010 0.000010 0.346790 0.120308 0.304297 0.022772 0.000010 0.205803
0.077714 0.506973 0.000010 0.000010 0.000010 0.000010 0.000010 0.415263
0.010077 0.000010 0.153088 0.194144 0.180465 0.000010 0.000010 0.462195
0.000010 0.000010 0.999930 0.000010 0.000010 0.000010 0.000010 0.000010
0.246341 0.000010 0.753599 0.000010 0.000010 0.000010 0.000010 0.000010
0.000010 0.000010 0.023543 0.490382 0.000010 0.000010 0.486025 0.000010
0.357638 0.208977 0.433334 0.000010 0.000010 0.000010 0.000010 0.000010
0.000010 0.000010 0.841679 0.158261 0.000010 0.000010 0.000010 0.000010
0.000010 0.000010 0.999930 0.000010 0.000010 0.000010 0.000010 0.000010
0.000010 0.000010 0.841001 0.158939 0.000010 0.000010 0.000010 0.000010
0.000010 0.000010 0.000010 0.000012 0.000010 0.999928 0.000010 0.000010
0.000010 0.000010 0.031537 0.810429 0.000010 0.157984 0.000010 0.000010
0.439673 0.000010 0.560267 0.000010 0.000010 0.000010 0.000010 0.000010
0.000010 0.000010 0.186001 0.215733 0.598216 0.000010 0.000010 0.000010
0.999929 0.000011 0.000010 0.000010 0.000010 0.000010 0.000010 0.000010
0.000010 0.000010 0.196717 0.122810 0.159045 0.000010 0.000010 0.521387
0.000010 0.253126 0.275019 0.000010 0.405005 0.000010 0.066810 0.000010
0.000010 0.000010 0.564381 0.435559 0.000010 0.000010 0.000010 0.000010
0.000010 0.016425 0.047039 0.427698 0.000010 0.000010 0.000010 0.508798
0.295136 0.032472 0.182463 0.000010 0.489889 0.000010 0.000010 0.000010
0.000010 0.000018 0.000010 0.000010 0.000010 0.999922 0.000010 0.000010
0.000010 0.781837 0.218103 0.000010 0.000010 0.000010 0.000010 0.000010
0.000010 0.000010 0.000010 0.000010 0.000010 0.999930 0.000010 0.000010
0.070067 0.000010 0.221460 0.000010 0.000010 0.000010 0.000010 0.708423
0.302839 0.000010 0.000010 0.000010 0.000010 0.000010 0.000010 0.697101
0.180521 0.000010 0.819419 0.000010 0.000010 0.000010 0.000010 0.000010
0.000010 0.000010 0.000010 0.000010 0.037023 0.113134 0.127399 0.722404
0.000010 0.000010 0.301518 0.112878 0.000010 0.020082 0.000010 0.565483
0.000010 0.000012 0.000010 0.999928 0.000010 0.000010 0.000010 0.000010
0.000010 0.000010 0.000010 0.999930 0.000010 0.000010 0.000010 0.000010
0.000010 0.000010 0.000010 0.999930 0.000010 0.000010 0.000010 0.000010
0.000010 0.000010 0.000010 0.999930 0.000010 0.000010 0.000010 0.000010
0.000010 0.000010 0.010430 0.855041 0.000010 0.000010 0.134479 0.000010
0.000010 0.037925 0.000010 0.687128 0.000010 0.000010 0.274896 0.000010
0.000010 0.000010 0.000010 0.900296 0.000010 0.099644 0.000010 0.000010
0.000010 0.000010 0.999930 0.000010 0.000010 0.000010 0.000010 0.000010
0.000010 0.000010 0.642260 0.357680 0.000010 0.000010 0.000010 0.000010
0.000010 0.000010 0.999930 0.000010 0.000010 0.000010 0.000010 0.000010
0.000010 0.000010 0.000010 0.999930 0.000010 0.000010 0.000010 0.000010
0.000010 0.000010 0.000010 0.999930 0.000010 0.000010 0.000010 0.000010
0.000010 0.000010 0.423121 0.559637 0.000010 0.017192 0.000010 0.000010
0.000010 0.000010 0.000010 0.999930 0.000010 0.000010 0.000010 0.000010
0.000010 0.227869 0.000010 0.481680 0.000010 0.037279 0.253132 0.000010
0.000010 0.000010 0.102078 0.773101 0.000010 0.124770 0.000010 0.000010
0.000010 0.102875 0.183849 0.528201 0.000010 0.000010 0.185035 0.000010
0.000010 0.000010 0.074303 0.925637 0.000010 0.000010 0.000010 0.000010
0.000010 0.000010 0.999924 0.000010 0.000010 0.000016 0.000010 0.000010
0.000010 0.000010 0.045554 0.870232 0.084164 0.000010 0.000010 0.000010
0.000010 0.000010 0.331298 0.668642 0.000010 0.000010 0.000010 0.000010
0.000010 0.000010 0.000010 0.000010 0.999930 0.000010 0.000010 0.000010
0.000010 0.000010 0.494540 0.489348 0.000010 0.016061 0.000010 0.000010
0.000010 0.000010 0.000010 0.999930 0.000010 0.000010 0.000010 0.000010
0.000010 0.000010 0.000010 0.999930 0.000010 0.000010 0.000010 0.000010
0.000010 0.000010 0.439436 0.560504 0.000010 0.000010 0.000010 0.000010
0.000016 0.000010 0.538154 0.461780 0.000010 0.000010 0.000010 0.000010
0.000010 0.000010 0.241407 0.758533 0.000010 0.000010 0.000010 0.000010
0.000010 0.000010 0.000010 0.999930 0.000010 0.000010 0.000010 0.000010
0.000010 0.000010 0.000010 0.999930 0.000010 0.000010 0.000010 0.000010
0.000010 0.000010 0.000010 0.291143 0.467287 0.000010 0.000010 0.241520
0.000010 0.000010 0.348878 0.000010 0.000010 0.000010 0.000010 0.651062
0.000010 0.000010 0.518739 0.227065 0.223049 0.031107 0.000010 0.000010
0.000010 0.179706 0.307455 0.000010 0.000010 0.100255 0.412545 0.000010
0.000010 0.000010 0.000010 0.999930 0.000010 0.000010 0.000010 0.000010
0.000010 0.000010 0.079083 0.920857 0.000010 0.000010 0.000010 0.000010
0.000010 0.000010 0.000010 0.999930 0.000010 0.000010 0.000010 0.000010
0.000010 0.000010 0.000010 0.999930 0.000010 0.000010 0.000010 0.000010
0.000011 0.501251 0.000010 0.498688 0.000010 0.000010 0.000010 0.000010
0.000010 0.328793 0.000010 0.250223 0.000010 0.000010 0.420934 0.000010
0.000010 0.000010 0.000010 0.909365 0.000010 0.000010 0.000010 0.090575
0.000010 0.000010 0.000010 0.536506 0.000010 0.039807 0.000010 0.423637
0.196723 0.000010 0.542372 0.155936 0.000010 0.000010 0.000010 0.104929
0.000010 0.000010 0.604577 0.000010 0.000010 0.000010 0.000010 0.395363
0.000010 0.000010 0.662746 0.065300 0.000010 0.271904 0.000010 0.000010
0.000010 0.000010 0.000010 0.999930 0.000010 0.000010 0.000010 0.000010
0.000010 0.000010 0.000010 0.999930 0.000010 0.000010 0.000010 0.000010
0.000010 0.000010 0.211278 0.784148 0.000010 0.004524 0.000010 0.000010
0.000010 0.221374 0.000010 0.253984 0.000010 0.000010 0.524592 0.000010
0.000010 0.000010 0.000010 0.999930 0.000010 0.000010 0.000010 0.000010
0.000010 0.150800 0.000010 0.849140 0.000010 0.000010 0.000010 0.000010
0.000010 0.999930 0.000010 0.000010 0.000010 0.000010 0.000010 0.000010
0.000010 0.000010 0.055366 0.944574 0.000010 0.000010 0.000010 0.000010
0.000010 0.000010 0.000010 0.000010 0.999930 0.000010 0.000010 0.000010
0.080597 0.000010 0.620506 0.000010 0.298847 0.000010 0.000010 0.000010
0.000010 0.000010 0.001308 0.506115 0.000010 0.000010 0.492528 0.000010
0.000010 0.129493 0.452160 0.114701 0.000010 0.000010 0.000010 0.303606
0.000010 0.000010 0.000010 0.870906 0.000010 0.129034 0.000010 0.000010
0.000010 0.553731 0.000010 0.446209 0.000010 0.000010 0.000010 0.000010
0.000010 0.000010 0.364876 0.259963 0.367227 0.000010 0.007893 0.000010
0.000010 0.000010 0.000010 0.999930 0.000010 0.000010 0.000010 0.000010
0.000010 0.911800 0.000010 0.088140 0.000010 0.000010 0.000010 0.000010
0.000010 0.000010 0.127285 0.707263 0.000010 0.165402 0.000010 0.000010
0.000010 0.000010 0.281063 0.497836 0.000010 0.000010 0.083633 0.137427
0.000010 0.000010 0.301753 0.698187 0.000010 0.000010 0.000010 0.000010
0.000010 0.409956 0.000010 0.589984 0.000010 0.000010 0.000010 0.000010
0.000010 0.000010 0.527317 0.472623 0.000010 0.000010 0.000010 0.000010
0.000010 0.000010 0.439383 0.162396 0.112910 0.000010 0.000010 0.285271
0.000010 0.000010 0.230135 0.700678 0.000010 0.069137 0.000010 0.000010
0.000010 0.000010 0.000010 0.999930 0.000010 0.000010 0.000010 0.000010
0.000010 0.000010 0.000010 0.999930 0.000010 0.000010 0.000010 0.000010
0.305064 0.000010 0.000010 0.000010 0.000010 0.000010 0.000010 0.694876
0.000010 0.000010 0.283833 0.716107 0.000010 0.000010 0.000010 0.000010
0.000010 0.000010 0.081183 0.918757 0.000010 0.000010 0.000010 0.000010
0.000010 0.000010 0.000010 0.857615 0.000010 0.000010 0.142325 0.000010
0.000010 0.576160 0.029387 0.000010 0.000010 0.000010 0.394404 0.000010
0.000010 0.644012 0.000010 0.355928 0.000010 0.000010 0.000010 0.000010
0.000010 0.000010 0.000010 0.000010 0.999930 0.000010 0.000010 0.000010
0.000010 0.000010 0.000010 0.110397 0.000010 0.000010 0.000010 0.889543
0.000010 0.000010 0.004409 0.995531 0.000010 0.000010 0.000010 0.000010
0.000010 0.000010 0.000010 0.747062 0.000010 0.000010 0.252878 0.000010
0.000010 0.000010 0.000010 0.512603 0.000010 0.000010 0.228541 0.258806
0.000010 0.249424 0.049468 0.000010 0.000010 0.000010 0.701059 0.000010
0.000010 0.000010 0.000010 0.999930 0.000010 0.000010 0.000010 0.000010
0.000010 0.000010 0.476459 0.523481 0.000010 0.000010 0.000010 0.000010
0.000010 0.000010 0.000010 0.999930 0.000010 0.000010 0.000010 0.000010
0.000010 0.000010 0.999930 0.000010 0.000010 0.000010 0.000010 0.000010
0.242806 0.000010 0.419034 0.000010 0.000010 0.000010 0.000010 0.338110
0.595589 0.000010 0.115557 0.065171 0.000010 0.000010 0.000010 0.223642
