0.492945 0.000010 0.000010 0.000010 0.000010 0.000010 0.506975 0.000010 0.000010 0.000010
0.026419 0.675420 0.000010 0.000010 0.000010 0.000010 0.234408 0.002056 0.061646 0.000010
0.101895 0.224871 0.000010 0.000010 0.000010 0.303241 0.304602 0.000010 0.065341 0.000010
0.113782 0.000010 0.000010 0.000010 0.057682 0.000010 0.828466 0.000010 0.000010 0.000010
0.209371 0.147530 0.000010 0.000010 0.000010 0.176963 0.308461 0.000010 0.000010 0.157625
0.141545 0.244203 0.034525 0.000010 0.116304 0.200400 0.069600 0.000010 0.000010 0.193394
0.082469 0.031651 0.000010 0.055127 0.000010 0.459131 0.275529 0.000010 0.057122 0.038941
0.059025 0.000010 0.000010 0.000010 0.000010 0.208596 0.732309 0.000010 0.000010 0.000010
0.069707 0.150426 0.000010 0.016476 0.000010 0.241595 0.347551 0.000010 0.174204 0.000010
0.016618 0.415997 0.157469 0.077143 0.000010 0.154727 0.000010 0.133724 0.044294 0.000010
0.000010 0.000010 0.083171 0.000010 0.010979 0.000010 0.905780 0.000010 0.000010 0.000010
0.036654 0.391773 0.050630 0.020881 0.075201 0.136345 0.148168 0.140327 0.000010 0.000010
0.370434 0.221899 0.000010 0.000010 0.036291 0.000010 0.236370 0.042441 0.000010 0.092525
0.168172 0.097991 0.000010 0.000010 0.000010 0.080061 0.653716 0.000010 0.000010 0.000010
0.026230 0.758981 0.000010 0.004913 0.000010 0.000010 0.138427 0.071399 0.000010 0.000010
0.135114 0.160901 0.039592 0.000010 0.000010 0.322250 0.160273 0.000010 0.000010 0.181830
0.999910 0.000010 0.000010 0.000010 0.000010 0.000010 0.000010 0.000010 0.000010 0.000010
0.063671 0.000010 0.000010 0.000010 0.029307 0.000010 0.906951 0.000010 0.000010 0.000010
0.034239 0.441262 0.000010 0.037870 0.000010 0.100045 0.104286 0.227220 0.010108 0.044949
0.000010 0.157412 0.000010 0.179694 0.108194 0.313274 0.038426 0.073217 0.068548 0.061215
0.000010 0.154484 0.056299 0.007299 0.000010 0.172882 0.570319 0.000010 0.038677 0.000010
0.000010 0.504674 0.019157 0.009600 0.067651 0.000010 0.134050 0.130096 0.000010 0.134743
0.000010 0.304195 0.000010 0.003678 0.115264 0.035747 0.099120 0.145319 0.113969 0.182690
0.000010 0.000010 0.000010 0.067063 0.110178 0.000010 0.818311 0.004388 0.000010 0.000010
0.457317 0.000010 0.000010 0.033933 0.000010 0.000010 0.508679 0.000010 0.000010 0.000010
0.000010 0.395229 0.125608 0.031460 0.000010 0.107103 0.099422 0.241138 0.000010 0.000010
0.164862 0.235624 0.000010 0.045720 0.000010 0.451422 0.102322 0.000010 0.000010 0.000010
0.035178 0.138062 0.046674 0.041202 0.000010 0.315087 0.423758 0.000010 0.000010 0.000010
0.089436 0.180850 0.097354 0.013689 0.000010 0.199664 0.365247 0.022514 0.031227 0.000010
0.010281 0.376359 0.160587 0.063664 0.000010 0.000010 0.018023 0.200079 0.170976 0.000010
0.059064 0.125577 0.107734 0.011756 0.053886 0.227211 0.406139 0.000010 0.008614 0.000010
0.000010 0.012443 0.000010 0.063490 0.000010 0.000010 0.923997 0.000010 0.000010 0.000010
0.011609 0.539110 0.109012 0.011129 0.070575 0.000010 0.050646 0.000010 0.000010 0.207888
0.000010 0.894262 0.000010 0.065577 0.000010 0.000010 0.000010 0.000010 0.040091 0.000010
0.163459 0.236424 0.000010 0.045386 0.000010 0.454474 0.100207 0.000010 0.000010 0.000010
0.093930 0.398876 0.007539 0.003678 0.000010 0.268719 0.122575 0.011888 0.092776 0.000010
0.094727 0.029146 0.144281 0.108220 0.116746 0.000010 0.117745 0.131542 0.120405 0.137179
0.000010 0.121492 0.002228 0.060266 0.048960 0.237729 0.000010 0.074202 0.351103 0.103998
0.169832 0.174413 0.037412 0.069581 0.103275 0.076520 0.243605 0.000010 0.125341 0.000010
0.296757 0.263482 0.000010 0.000010 0.000010 0.155587 0.125340 0.000010 0.000010 0.158784
0.000010 0.889546 0.000010 0.099565 0.000010 0.010820 0.000010 0.000010 0.000010 0.000010
0.000010 0.000010 0.000010 0.000010 0.000010 0.000010 0.999910 0.000010 0.000010 0.000010
0.000010 0.308520 0.027212 0.000010 0.128837 0.209222 0.000010 0.208111 0.000010 0.118057
0.194388 0.196155 0.102505 0.000010 0.000010 0.031711 0.244845 0.140914 0.000010 0.089451
0.999910 0.000010 0.000010 0.000010 0.000010 0.000010 0.000010 0.000010 0.000010 0.000010
0.000010 0.110671 0.000010 0.002809 0.000010 0.226108 0.571815 0.000010 0.088546 0.000010
0.003533 0.000010 0.411590 0.062266 0.080156 0.195409 0.113665 0.000010 0.000010 0.133351
0.078078 0.000010 0.000010 0.013559 0.000010 0.738262 0.003581 0.000010 0.000010 0.166470
0.272382 0.030965 0.011762 0.072459 0.000010 0.086105 0.526287 0.000010 0.000010 0.000010
0.999910 0.000010 0.000010 0.000010 0.000010 0.000010 0.000010 0.000010 0.000010 0.000010
0.051088 0.196471 0.000010 0.035824 0.000010 0.191989 0.402221 0.000010 0.122367 0.000010
0.115094 0.092947 0.086162 0.052619 0.000010 0.463101 0.053557 0.062205 0.029311 0.044994
0.000010 0.357333 0.000010 0.028069 0.091263 0.180215 0.000010 0.085613 0.000010 0.257468
0.000010 0.033967 0.177099 0.027091 0.253641 0.037916 0.041819 0.388434 0.008189 0.031835
0.063550 0.054369 0.112054 0.036379 0.000010 0.403563 0.213869 0.000010 0.076389 0.039807
0.025521 0.137380 0.000010 0.006337 0.000010 0.048044 0.582707 0.085592 0.000010 0.114389
0.018595 0.126763 0.085553 0.021171 0.282512 0.187811 0.000010 0.000010 0.119873 0.157702
0.056554 0.174598 0.000010 0.025334 0.018232 0.173953 0.344228 0.001663 0.106294 0.099135
0.086034 0.241776 0.099247 0.001313 0.000010 0.294805 0.170554 0.028567 0.077683 0.000010
0.000010 0.721116 0.158428 0.009158 0.000010 0.000010 0.000010 0.050906 0.000010 0.060342
0.036766 0.000010 0.000010 0.000014 0.000010 0.171990 0.791170 0.000010 0.000010 0.000010
0.030516 0.141396 0.079564 0.077898 0.000010 0.551170 0.000010 0.000010 0.000010 0.119416
0.056142 0.088539 0.066874 0.074959 0.000010 0.093617 0.156390 0.301568 0.000010 0.161890
0.060148 0.000010 0.008754 0.006933 0.000010 0.434758 0.194467 0.000010 0.165859 0.129051
0.000010 0.174618 0.025025 0.000010 0.298425 0.063244 0.386583 0.000836 0.051240 0.000010
0.000010 0.572723 0.089896 0.038684 0.000010 0.000010 0.000010 0.065627 0.000010 0.233020
0.260385 0.142641 0.013562 0.000010 0.062882 0.153346 0.229596 0.096138 0.021604 0.019836
0.073173 0.000010 0.000010 0.043702 0.240177 0.000010 0.214349 0.000010 0.095389 0.333171
0.000010 0.000010 0.000010 0.011445 0.000010 0.000010 0.988475 0.000010 0.000010 0.000010
0.197598 0.214186 0.000010 0.000211 0.000010 0.056336 0.310580 0.065541 0.000010 0.155517
0.000010 0.278513 0.121827 0.020433 0.090945 0.249991 0.019243 0.000010 0.000010 0.219017
0.000010 0.250997 0.021687 0.003821 0.093286 0.000010 0.019495 0.423232 0.172983 0.014479
0.048335 0.100247 0.110494 0.040442 0.000010 0.148111 0.141283 0.059460 0.351608 0.000010
0.000010 0.374568 0.045730 0.007898 0.000010 0.185001 0.041649 0.124304 0.108509 0.112321
0.000010 0.491210 0.000010 0.078059 0.364961 0.000010 0.000010 0.000010 0.065710 0.000010
0.000010 0.065202 0.209664 0.000010 0.000010 0.000010 0.085027 0.000010 0.067411 0.572646
0.000010 0.000010 0.110625 0.019701 0.120104 0.000010 0.146521 0.332750 0.270259 0.000010
0.017664 0.000010 0.497356 0.083075 0.298738 0.033555 0.054373 0.015210 0.000010 0.000010
0.084645 0.147973 0.354230 0.090498 0.179800 0.000010 0.000010 0.063259 0.000010 0.079565
0.000010 0.106330 0.074867 0.029622 0.259649 0.000010 0.000010 0.029877 0.000010 0.499614
0.022714 0.163811 0.074775 0.035397 0.180813 0.000010 0.000010 0.415158 0.000010 0.107302
0.000010 0.000010 0.455365 0.032185 0.000010 0.000010 0.000010 0.000010 0.512380 0.000010
0.000010 0.000010 0.184177 0.018884 0.007605 0.000010 0.097981 0.237564 0.453749 0.000010
0.056881 0.198001 0.000010 0.036695 0.372291 0.000010 0.097693 0.000010 0.079959 0.158450
0.000010 0.001880 0.521345 0.014962 0.234455 0.000010 0.182154 0.000010 0.000010 0.045165
0.000010 0.000010 0.825098 0.016955 0.157877 0.000010 0.000010 0.000010 0.000010 0.000010
0.045504 0.000010 0.000010 0.000010 0.243246 0.452489 0.040792 0.000010 0.217918 0.000010
0.061098 0.000010 0.032292 0.000010 0.426109 0.000010 0.299614 0.049006 0.000010 0.131840
0.000010 0.000010 0.179794 0.000010 0.007960 0.007340 0.000010 0.474212 0.000010 0.330644
0.000010 0.566310 0.035412 0.023447 0.000010 0.008574 0.157031 0.184280 0.000010 0.024916
0.027578 0.000010 0.159343 0.089996 0.021127 0.086271 0.062371 0.411826 0.011948 0.129530
0.037600 0.078472 0.486591 0.007738 0.000010 0.061227 0.000010 0.082976 0.099136 0.146241
0.000010 0.000010 0.762539 0.013247 0.144169 0.020038 0.000010 0.000010 0.000010 0.059957
0.000010 0.495833 0.204274 0.089472 0.000010 0.000010 0.000010 0.000010 0.017414 0.192958
0.019079 0.016212 0.142843 0.026716 0.078866 0.000010 0.273747 0.050299 0.392217 0.000010
0.018989 0.000010 0.980931 0.000010 0.000010 0.000010 0.000010 0.000010 0.000010 0.000010
0.000010 0.025390 0.000010 0.000010 0.840774 0.000010 0.000010 0.000595 0.133181 0.000010
0.102281 0.144588 0.165651 0.099049 0.042904 0.067765 0.174070 0.092913 0.107709 0.003071
0.000010 0.000010 0.785578 0.000010 0.000010 0.067242 0.028731 0.088317 0.000010 0.030083
0.000010 0.673532 0.301261 0.025137 0.000010 0.000010 0.000010 0.000010 0.000010 0.000010
0.000010 0.378351 0.000010 0.038657 0.582922 0.000010 0.000010 0.000010 0.000010 0.000010
0.098425 0.124421 0.153770 0.045520 0.368764 0.047817 0.075494 0.000010 0.085769 0.000010
0.000010 0.247964 0.185572 0.046426 0.191817 0.254093 0.000010 0.000010 0.000010 0.074087
0.036900 0.068921 0.213462 0.065640 0.000010 0.044081 0.107267 0.089528 0.079607 0.294584
0.054782 0.197836 0.161668 0.008708 0.000010 0.000010 0.041502 0.005820 0.046200 0.483464
0.000010 0.097042 0.001468 0.104598 0.319791 0.132731 0.000010 0.119545 0.021325 0.203480
0.019028 0.232520 0.000010 0.045546 0.353947 0.095963 0.000010 0.000010 0.000010 0.252956
0.027213 0.312658 0.027357 0.018567 0.132219 0.115735 0.012598 0.117768 0.010315 0.225569
0.000010 0.167724 0.000010 0.000010 0.832196 0.000010 0.000010 0.000010 0.000010 0.000010
0.019256 0.000010 0.213433 0.014009 0.140691 0.160349 0.079400 0.009137 0.363705 0.000010
0.037564 0.239480 0.070713 0.043035 0.117627 0.053566 0.000010 0.330887 0.017690 0.089429
0.000010 0.060872 0.302774 0.026933 0.105835 0.000010 0.078657 0.000010 0.155555 0.269344
0.000010 0.000010 0.000010 0.104675 0.122646 0.250341 0.000010 0.000010 0.522279 0.000010
0.000010 0.150235 0.141460 0.081557 0.018620 0.139487 0.144310 0.120596 0.000010 0.203714
0.000010 0.000010 0.047045 0.000010 0.194859 0.000010 0.000010 0.000010 0.000010 0.758026
0.003491 0.034974 0.150348 0.035027 0.079328 0.258401 0.069735 0.283497 0.075598 0.009601
0.000010 0.049932 0.090795 0.000010 0.689612 0.000010 0.000010 0.013261 0.156350 0.000010
0.000010 0.234809 0.000010 0.000010 0.000010 0.496298 0.000010 0.089292 0.066348 0.113203
0.000010 0.000010 0.478558 0.000010 0.449993 0.000010 0.000010 0.000010 0.071378 0.000010
0.000010 0.629448 0.021754 0.031931 0.000010 0.000010 0.112225 0.084407 0.000010 0.120195
0.000010 0.000010 0.000010 0.000010 0.999910 0.000010 0.000010 0.000010 0.000010 0.000010
0.061432 0.000010 0.202657 0.033593 0.447039 0.043051 0.000010 0.000010 0.151431 0.060767
0.000010 0.278745 0.069453 0.005050 0.049779 0.000010 0.024567 0.058231 0.000010 0.514145
0.000010 0.253351 0.243677 0.083657 0.000010 0.000010 0.174505 0.000010 0.000010 0.244760
0.021212 0.202504 0.078760 0.042874 0.168553 0.000010 0.251427 0.000010 0.000010 0.234640
0.025700 0.000010 0.017588 0.074890 0.085819 0.088253 0.000010 0.589856 0.117863 0.000010
0.000010 0.233158 0.002371 0.101654 0.172917 0.351137 0.000010 0.000010 0.083424 0.055308
0.086754 0.062841 0.514672 0.024165 0.061568 0.000010 0.000010 0.078623 0.044086 0.127271
0.000010 0.000010 0.000010 0.000010 0.151133 0.016612 0.266755 0.518395 0.000010 0.047055
0.030105 0.000010 0.078706 0.000010 0.253671 0.162161 0.111835 0.038960 0.014508 0.310033
0.036676 0.056694 0.286607 0.134936 0.000010 0.000010 0.065486 0.030626 0.066667 0.322288
0.000010 0.059242 0.178184 0.072522 0.188178 0.009567 0.000010 0.000010 0.228211 0.264067
0.027133 0.103950 0.274991 0.001740 0.466225 0.000010 0.007984 0.000010 0.117947 0.000010
0.000010 0.000010 0.752349 0.048115 0.000010 0.000010 0.000010 0.000010 0.199466 0.000010
0.000010 0.197574 0.103787 0.016369 0.172643 0.065292 0.000010 0.150941 0.000010 0.293365
0.120177 0.024945 0.119280 0.026763 0.000010 0.073023 0.035213 0.129101 0.425489 0.045999
0.012571 0.101516 0.218415 0.046626 0.042820 0.021252 0.000010 0.000010 0.013242 0.543538
0.020018 0.000010 0.017958 0.000010 0.265859 0.000010 0.086425 0.475359 0.032606 0.101745
0.012473 0.000010 0.000010 0.052204 0.347460 0.067998 0.211325 0.000010 0.042721 0.265788
0.002735 0.000010 0.124696 0.114860 0.261070 0.065321 0.098730 0.081452 0.000010 0.251116
0.000010 0.000536 0.079866 0.000010 0.084632 0.441845 0.113530 0.167814 0.067426 0.044332
0.033878 0.000010 0.360440 0.000010 0.000010 0.000010 0.000010 0.128856 0.476767 0.000010
0.000010 0.000010 0.000010 0.000010 0.212420 0.000010 0.158903 0.628607 0.000010 0.000010
0.081424 0.214826 0.146808 0.040009 0.179081 0.013686 0.082000 0.000010 0.037937 0.204218
0.125922 0.174846 0.257775 0.051131 0.091697 0.000010 0.000010 0.000010 0.133673 0.164926
0.000010 0.472673 0.027617 0.057065 0.000010 0.093671 0.188017 0.000010 0.013158 0.147768
0.000010 0.118281 0.049274 0.024007 0.102316 0.139639 0.102592 0.245660 0.218212 0.000010
0.000010 0.000010 0.237812 0.006413 0.750043 0.000010 0.000010 0.000010 0.005672 0.000010
0.000010 0.000010 0.050199 0.000010 0.801433 0.000010 0.148298 0.000010 0.000010 0.000010
0.059068 0.139534 0.063464 0.013765 0.000010 0.388711 0.086780 0.000010 0.038831 0.209829
0.022406 0.122901 0.246025 0.000010 0.198150 0.000010 0.183258 0.145730 0.080447 0.001064
0.048454 0.114459 0.486682 0.011660 0.000010 0.000010 0.000010 0.000010 0.338695 0.000010
0.000010 0.000010 0.557146 0.000010 0.182858 0.000010 0.000010 0.000010 0.000010 0.259926
0.048301 0.114422 0.486005 0.011744 0.000010 0.000010 0.000010 0.000010 0.339478 0.000010
0.000010 0.000010 0.000010 0.999910 0.000010 0.000010 0.000010 0.000010 0.000010 0.000010
0.103645 0.000010 0.040954 0.152371 0.000010 0.334025 0.000010 0.000010 0.294538 0.074427
0.278709 0.000010 0.575419 0.000010 0.000010 0.000010 0.129395 0.011946 0.004480 0.000010
0.000010 0.030754 0.090603 0.014335 0.000014 0.000010 0.000010 0.703725 0.131953 0.028587
0.000010 0.000010 0.000010 0.000010 0.000010 0.000010 0.999910 0.000010 0.000010 0.000010
0.000010 0.000010 0.142311 0.049943 0.175435 0.155204 0.056297 0.323534 0.000010 0.097246
0.000010 0.121057 0.183310 0.000973 0.155135 0.103251 0.067383 0.178602 0.190270 0.000010
0.000010 0.000010 0.105737 0.046374 0.242847 0.000010 0.000010 0.052739 0.269096 0.283167
0.001863 0.157971 0.219637 0.035715 0.095453 0.293552 0.000010 0.025380 0.000010 0.170409
0.116322 0.064938 0.000010 0.000010 0.057970 0.000010 0.096140 0.611697 0.052893 0.000010
0.000010 0.000010 0.000010 0.999910 0.000010 0.000010 0.000010 0.000010 0.000010 0.000010
0.037587 0.590996 0.000010 0.073135 0.286521 0.000010 0.000010 0.000010 0.011711 0.000010
0.000012 0.000010 0.000013 0.999906 0.000010 0.000010 0.000010 0.000010 0.000010 0.000010
0.088485 0.182963 0.095848 0.000010 0.158949 0.000010 0.102420 0.000010 0.048750 0.322554
0.000010 0.000010 0.000010 0.000766 0.183352 0.000010 0.397869 0.000010 0.000010 0.417954
0.124106 0.002651 0.271398 0.008515 0.494961 0.000010 0.000010 0.021063 0.027883 0.049403
0.118533 0.000010 0.136163 0.137284 0.000010 0.116660 0.095975 0.129487 0.265867 0.000010
0.000010 0.000010 0.000010 0.138125 0.000010 0.000010 0.165065 0.000010 0.185005 0.511746
0.000010 0.000010 0.000010 0.022122 0.000010 0.914060 0.000010 0.063748 0.000010 0.000010
0.027585 0.000010 0.000010 0.000010 0.000010 0.385598 0.000010 0.055671 0.265894 0.265202
0.000010 0.139731 0.103308 0.000010 0.000010 0.404157 0.009226 0.051630 0.145803 0.146116
0.000010 0.000010 0.000010 0.000010 0.069106 0.696725 0.000010 0.000010 0.191136 0.042974
0.047267 0.000010 0.058348 0.016027 0.000010 0.491043 0.032056 0.000010 0.194057 0.161171
0.037575 0.135481 0.135290 0.005968 0.000010 0.514998 0.082348 0.000010 0.088311 0.000010
0.030229 0.000010 0.019910 0.079579 0.000010 0.350364 0.000010 0.000010 0.243239 0.276639
0.000010 0.000010 0.383977 0.036142 0.442122 0.000010 0.000010 0.000010 0.103834 0.033874
0.000010 0.002418 0.234507 0.008587 0.238758 0.007826 0.000010 0.000010 0.341389 0.166485
0.000010 0.000010 0.167693 0.017507 0.814730 0.000010 0.000010 0.000010 0.000010 0.000010
0.000010 0.000010 0.000010 0.000010 0.000010 0.838113 0.000010 0.000010 0.000010 0.161807
0.000010 0.000010 0.000010 0.080057 0.000010 0.202844 0.000010 0.048870 0.487241 0.180938
0.000010 0.000010 0.000010 0.066322 0.000010 0.000010 0.000010 0.029563 0.517274 0.386781
0.000010 0.000010 0.000010 0.062227 0.000010 0.412451 0.000010 0.000010 0.304928 0.220334
0.000010 0.255732 0.000010 0.037348 0.000010 0.369019 0.113009 0.000010 0.069080 0.155772
0.028417 0.000010 0.015973 0.102945 0.000010 0.106018 0.048677 0.098304 0.453558 0.146087
0.000010 0.211150 0.039238 0.000010 0.000010 0.292004 0.060544 0.000010 0.000010 0.397013
0.035485 0.000010 0.151988 0.040587 0.000010 0.425304 0.061953 0.000010 0.137935 0.146716
0.000010 0.000010 0.959640 0.000010 0.000010 0.000010 0.000010 0.000010 0.000010 0.040280
0.000010 0.000010 0.000010 0.000010 0.168475 0.217346 0.000010 0.262068 0.279602 0.072459
0.000010 0.000010 0.000010 0.010686 0.000010 0.000010 0.000010 0.000010 0.611679 0.377566
0.095172 0.000010 0.000010 0.091710 0.000010 0.000010 0.000010 0.699738 0.113320 0.000010
0.000010 0.000010 0.000010 0.133304 0.000010 0.000010 0.000010 0.000010 0.647686 0.218940
0.000010 0.000010 0.000010 0.000010 0.000010 0.999910 0.000010 0.000010 0.000010 0.000010
0.000010 0.000010 0.000010 0.014389 0.000010 0.891536 0.000010 0.094005 0.000010 0.000010
0.028240 0.000010 0.118742 0.062838 0.103460 0.032489 0.000010 0.036563 0.488007 0.129641
0.000010 0.000010 0.159869 0.000010 0.000010 0.000010 0.022286 0.000010 0.414741 0.403044
0.000010 0.000010 0.000010 0.000010 0.002316 0.097065 0.000010 0.095512 0.537914 0.267143
0.000579 0.000010 0.011586 0.009079 0.000010 0.320913 0.000010 0.000010 0.329878 0.327924
0.018656 0.000010 0.000010 0.000010 0.000010 0.399837 0.000010 0.029314 0.332299 0.219845
0.000010 0.124112 0.000010 0.090204 0.000010 0.372720 0.233252 0.016892 0.063616 0.099173
0.061281 0.000010 0.447497 0.000010 0.000010 0.000010 0.000010 0.000010 0.044561 0.446601
0.000010 0.052359 0.368825 0.037254 0.000010 0.000010 0.000010 0.054481 0.487031 0.000010
0.000010 0.195536 0.031748 0.046328 0.288728 0.322922 0.029501 0.000010 0.000010 0.085208
0.000010 0.000010 0.000010 0.000010 0.000010 0.999910 0.000010 0.000010 0.000010 0.000010
0.000010 0.022325 0.044737 0.000010 0.001908 0.362758 0.000010 0.067068 0.207421 0.293754
0.071327 0.000010 0.063687 0.010532 0.000010 0.480444 0.085593 0.000010 0.288376 0.000010
0.000010 0.000010 0.000010 0.016535 0.000010 0.983385 0.000010 0.000010 0.000010 0.000010
0.000010 0.290246 0.067706 0.000010 0.000010 0.505506 0.000010 0.063507 0.072985 0.000010
0.031685 0.361928 0.000010 0.000010 0.036491 0.280160 0.032596 0.028117 0.092435 0.136570
0.000010 0.000010 0.042511 0.000010 0.000010 0.753000 0.119384 0.028589 0.046751 0.009725
0.029281 0.000010 0.021600 0.088362 0.093446 0.409593 0.154884 0.032806 0.105573 0.064446
0.083647 0.053186 0.328559 0.000010 0.104514 0.047505 0.163477 0.096007 0.083194 0.039900
0.041095 0.034769 0.041290 0.070316 0.559652 0.000010 0.075661 0.045641 0.000010 0.131557
0.000010 0.019582 0.152249 0.055202 0.372172 0.000010 0.103492 0.121598 0.065951 0.109734
0.000010 0.000010 0.000010 0.024645 0.000010 0.393552 0.000010 0.000010 0.380023 0.201720
0.000010 0.030070 0.000010 0.032235 0.041278 0.549503 0.000010 0.028159 0.172890 0.145837
0.000010 0.000010 0.112195 0.071235 0.000010 0.242795 0.038285 0.085235 0.308050 0.142175
0.057352 0.415364 0.015163 0.020324 0.045698 0.353127 0.061103 0.000010 0.010406 0.021453
0.000010 0.000010 0.000010 0.014144 0.000010 0.637731 0.000010 0.000010 0.165587 0.182479
0.020712 0.091950 0.000010 0.016406 0.160491 0.609810 0.025743 0.000010 0.074857 0.000010
0.024074 0.529631 0.130146 0.061204 0.173233 0.026146 0.000010 0.000010 0.055536 0.000010
0.000010 0.000010 0.058772 0.000010 0.041070 0.450194 0.025034 0.000010 0.424881 0.000010
0.000010 0.000010 0.000010 0.000010 0.000010 0.000010 0.000010 0.999910 0.000010 0.000010
0.000010 0.000010 0.117533 0.000010 0.565505 0.000010 0.000010 0.316892 0.000010 0.000010
0.093912 0.164296 0.062879 0.000010 0.000010 0.516672 0.091014 0.000010 0.000010 0.071186
0.050962 0.005611 0.194268 0.055087 0.350669 0.074256 0.012515 0.117523 0.014426 0.124683
0.000010 0.000010 0.000010 0.120833 0.031778 0.418692 0.074356 0.000010 0.167963 0.186338
0.000010 0.141228 0.015226 0.043792 0.180367 0.521742 0.000010 0.097605 0.000010 0.000010
0.029072 0.074619 0.211231 0.025993 0.000010 0.071699 0.000010 0.000010 0.587346 0.000010
0.000010 0.000010 0.077380 0.075633 0.000010 0.642729 0.025419 0.000010 0.097384 0.081415
0.000010 0.512415 0.000010 0.086867 0.141685 0.220359 0.000010 0.000010 0.038625 0.000010
0.000010 0.000010 0.000010 0.193313 0.000010 0.116877 0.000010 0.030084 0.329972 0.329703
0.050987 0.144706 0.113494 0.000010 0.187169 0.141238 0.080374 0.000010 0.123519 0.158493
0.000010 0.000010 0.000010 0.000010 0.292283 0.206389 0.000010 0.000010 0.501258 0.000010
0.000010 0.376562 0.000010 0.029430 0.000010 0.401589 0.000010 0.138489 0.053879 0.000010
0.000010 0.000010 0.213469 0.025137 0.240785 0.079492 0.170801 0.000010 0.205111 0.065176
0.067037 0.024697 0.325401 0.055818 0.000010 0.042686 0.027921 0.238493 0.197104 0.020833
0.000010 0.000010 0.000010 0.156020 0.107741 0.165798 0.000010 0.000010 0.284080 0.286311
0.000010 0.000010 0.083222 0.012160 0.000010 0.481462 0.000010 0.100255 0.171090 0.151771
0.000010 0.000010 0.000010 0.000010 0.000010 0.644771 0.000010 0.000010 0.355149 0.000010
0.000010 0.000010 0.000010 0.000971 0.182043 0.000010 0.400014 0.000010 0.000010 0.416912
0.000010 0.000010 0.226107 0.000010 0.007357 0.348915 0.000010 0.054380 0.363191 0.000010
0.000010 0.000010 0.020437 0.008753 0.000010 0.327736 0.176643 0.000010 0.255007 0.211385
0.096439 0.062395 0.079517 0.000010 0.000010 0.637437 0.000011 0.000010 0.124161 0.000010
0.077835 0.456499 0.169299 0.000010 0.035521 0.146291 0.050591 0.000010 0.063934 0.000010
0.000010 0.386523 0.000010 0.008805 0.000010 0.330259 0.000010 0.000010 0.014173 0.260190
0.000010 0.000010 0.000010 0.114638 0.000010 0.000010 0.000010 0.885282 0.000010 0.000010
0.009824 0.000010 0.000010 0.054062 0.365322 0.020087 0.261143 0.105738 0.000010 0.183794
0.029844 0.000010 0.000010 0.013741 0.104839 0.404344 0.163633 0.000010 0.243758 0.039813
0.052148 0.000010 0.000010 0.000010 0.000010 0.791486 0.000010 0.000010 0.000010 0.156296
0.014444 0.145261 0.017539 0.003731 0.127390 0.598754 0.092852 0.000010 0.000010 0.000010
0.021916 0.440410 0.050005 0.020341 0.000010 0.179169 0.086160 0.044116 0.000010 0.157862
0.020747 0.000010 0.000010 0.010155 0.047929 0.921109 0.000010 0.000010 0.000010 0.000010
0.000010 0.000010 0.131321 0.004122 0.209487 0.153364 0.000010 0.000010 0.501656 0.000010
0.030677 0.000010 0.000010 0.009429 0.000010 0.719284 0.000010 0.062838 0.074647 0.103085
0.000010 0.000010 0.999910 0.000010 0.000010 0.000010 0.000010 0.000010 0.000010 0.000010
0.000010 0.000010 0.067975 0.040419 0.356170 0.000010 0.320003 0.000010 0.000010 0.215384
0.053532 0.000010 0.000010 0.024196 0.192292 0.000010 0.542276 0.000010 0.000010 0.187654
