0.000010 0.415901 0.000010 0.584059 0.000010 0.000010
0.042528 0.161835 0.000010 0.000010 0.000010 0.795607
0.569425 0.405901 0.000010 0.000010 0.000010 0.024644
0.000010 0.999950 0.000010 0.000010 0.000010 0.000010
0.346584 0.139753 0.000010 0.513633 0.000010 0.000010
0.292290 0.000010 0.000010 0.309893 0.000010 0.397787
0.886736 0.029261 0.029215 0.000010 0.000010 0.054768
0.147535 0.852425 0.000010 0.000010 0.000010 0.000010
0.547648 0.452312 0.000010 0.000010 0.000010 0.000010
0.032389 0.102262 0.039596 0.000010 0.074032 0.751711
0.000010 0.999950 0.000010 0.000010 0.000010 0.000010
0.037390 0.076637 0.000010 0.061958 0.000010 0.823996
0.013498 0.257651 0.000010 0.504122 0.000010 0.224709
0.000010 0.932386 0.000010 0.067574 0.000010 0.000010
0.000010 0.090459 0.000014 0.000010 0.000010 0.909497
0.397590 0.000010 0.000010 0.411035 0.000010 0.191345
0.000010 0.000010 0.000010 0.999950 0.000010 0.000010
0.000010 0.999950 0.000010 0.000010 0.000010 0.000010
0.115081 0.176207 0.000010 0.000010 0.000010 0.708682
0.356068 0.000010 0.219312 0.000010 0.044167 0.380433
0.309828 0.690132 0.000010 0.000010 0.000010 0.000010
0.000010 0.000010 0.000010 0.000010 0.000010 0.999950
0.000010 0.000010 0.000010 0.000010 0.013189 0.986771
0.000010 0.999950 0.000010 0.000010 0.000010 0.000010
0.000010 0.578917 0.000010 0.421043 0.000010 0.000010
0.100157 0.100519 0.000010 0.000010 0.080602 0.718702
0.637847 0.362113 0.000010 0.000010 0.000010 0.000010
0.425707 0.574253 0.000010 0.000010 0.000010 0.000010
0.461794 0.535380 0.000010 0.002797 0.000010 0.000010
0.000010 0.000010 0.040250 0.000010 0.259041 0.700679
0.293402 0.437061 0.000010 0.103796 0.000010 0.165721
0.000010 0.999950 0.000010 0.000010 0.000010 0.000010
0.000010 0.114233 0.000010 0.000010 0.065114 0.820624
0.000010 0.000010 0.000010 0.000010 0.000010 0.999950
0.635315 0.364645 0.000010 0.000010 0.000010 0.000010
0.452535 0.293228 0.000217 0.000010 0.000010 0.254000
0.027313 0.000010 0.078965 0.214837 0.513324 0.165551
0.493146 0.000010 0.000010 0.000010 0.506814 0.000010
0.278472 0.462863 0.015796 0.000010 0.242849 0.000010
0.408203 0.000010 0.000010 0.490329 0.000010 0.101439
0.000010 0.000010 0.000010 0.000010 0.000010 0.999950
0.000010 0.999950 0.000010 0.000010 0.000010 0.000010
0.260802 0.000010 0.000010 0.000010 0.109171 0.629997
0.000010 0.244245 0.000010 0.436662 0.000010 0.319063
0.000010 0.000010 0.000010 0.999950 0.000010 0.000010
0.295694 0.704266 0.000010 0.000010 0.000010 0.000010
0.202201 0.000010 0.339137 0.000010 0.458633 0.000010
0.999950 0.000010 0.000010 0.000010 0.000010 0.000010
0.140531 0.471498 0.000010 0.387941 0.000010 0.000010
0.000010 0.000010 0.000010 0.999950 0.000010 0.000010
0.391398 0.546623 0.000010 0.000010 0.004522 0.057437
0.643424 0.331273 0.025274 0.000010 0.000010 0.000010
0.142061 0.000010 0.000010 0.000010 0.000010 0.857899
0.000010 0.103995 0.000010 0.000010 0.567597 0.328378
0.633780 0.183297 0.107296 0.075607 0.000010 0.000010
0.000010 0.733996 0.000010 0.000010 0.000010 0.265964
0.242255 0.000010 0.106420 0.000010 0.474213 0.177092
0.286116 0.433977 0.000010 0.114533 0.000010 0.165354
0.545775 0.317087 0.000010 0.000010 0.000010 0.137108
0.000010 0.000010 0.000010 0.000010 0.000010 0.999950
0.000010 0.999950 0.000010 0.000010 0.000010 0.000010
0.783625 0.000010 0.000010 0.000010 0.000010 0.216335
0.074447 0.055112 0.061048 0.448925 0.062960 0.297508
0.909395 0.000010 0.022114 0.038253 0.030218 0.000010
0.161534 0.405211 0.000010 0.000010 0.327330 0.105904
0.000010 0.048434 0.000010 0.000010 0.000010 0.951526
0.155242 0.297689 0.000010 0.487010 0.000010 0.060039
0.062629 0.115904 0.000010 0.086786 0.564283 0.170388
0.000010 0.999950 0.000010 0.000010 0.000010 0.000010
0.214290 0.357336 0.000010 0.428344 0.000010 0.000010
0.192925 0.000010 0.000010 0.000010 0.153084 0.653961
0.000010 0.137911 0.013293 0.000010 0.341028 0.507749
0.392469 0.000010 0.174976 0.207306 0.225229 0.000010
0.362748 0.000010 0.000010 0.036975 0.053514 0.546742
0.027810 0.000010 0.000010 0.000010 0.170198 0.801962
0.000010 0.000010 0.000010 0.000010 0.696626 0.303334
0.000010 0.270809 0.000015 0.000010 0.650415 0.078740
0.000010 0.099119 0.241035 0.000010 0.659816 0.000010
0.000010 0.000010 0.000010 0.000010 0.766725 0.233235
0.008797 0.000010 0.000010 0.000010 0.800794 0.190378
0.000010 0.000010 0.000010 0.000010 0.389068 0.610892
0.000010 0.000010 0.000010 0.000010 0.999950 0.000010
0.000010 0.333253 0.000010 0.000010 0.666707 0.000010
0.000010 0.053301 0.000010 0.000010 0.461860 0.484809
0.000010 0.218407 0.000010 0.000010 0.781553 0.000010
0.000010 0.000010 0.000010 0.000010 0.999950 0.000010
0.729941 0.122640 0.000012 0.000010 0.147387 0.000010
0.000010 0.475591 0.000010 0.000010 0.524369 0.000010
0.000010 0.000010 0.000010 0.000010 0.608358 0.391602
0.000010 0.099262 0.000010 0.000010 0.000010 0.900698
0.104280 0.107526 0.034704 0.000010 0.606874 0.146606
0.091372 0.000010 0.000010 0.083342 0.825256 0.000010
0.028733 0.000010 0.000010 0.000010 0.971227 0.000010
0.015310 0.000010 0.000010 0.000010 0.075258 0.909402
0.000010 0.389224 0.000010 0.000010 0.574795 0.035952
0.000010 0.000010 0.000010 0.000010 0.999950 0.000010
0.004849 0.000010 0.000010 0.000010 0.995111 0.000010
0.062725 0.272748 0.191183 0.000010 0.215081 0.258252
0.012623 0.000010 0.000010 0.000010 0.987337 0.000010
0.000010 0.000010 0.000010 0.000010 0.000010 0.999950
0.000010 0.000010 0.000010 0.000010 0.305139 0.694821
0.051231 0.000010 0.000010 0.199099 0.627136 0.122514
0.304784 0.063528 0.000010 0.000010 0.317238 0.314430
0.065171 0.000010 0.136661 0.050730 0.451731 0.295698
0.000010 0.118745 0.000010 0.202164 0.437218 0.241853
0.152292 0.000010 0.184668 0.000010 0.351205 0.311816
0.000010 0.000010 0.000010 0.000010 0.345701 0.654259
0.001209 0.000010 0.000010 0.000010 0.166767 0.831993
0.000010 0.132554 0.000010 0.000010 0.694662 0.172753
0.215799 0.000010 0.000010 0.000010 0.784161 0.000010
0.000010 0.000010 0.133432 0.000010 0.351509 0.515028
0.020659 0.064480 0.000010 0.000010 0.740149 0.174691
0.631707 0.000010 0.000010 0.000010 0.368253 0.000010
0.157030 0.000010 0.153986 0.051461 0.044111 0.593403
0.000010 0.000010 0.000010 0.000010 0.999950 0.000010
0.122615 0.000010 0.000010 0.194256 0.344074 0.339035
0.005177 0.000010 0.000010 0.000010 0.994783 0.000010
0.942006 0.000010 0.000010 0.000010 0.016252 0.041712
0.000010 0.000010 0.000010 0.000010 0.999950 0.000010
0.000010 0.039579 0.000010 0.000010 0.000010 0.960381
0.000010 0.097691 0.000010 0.000010 0.902269 0.000010
0.000010 0.000010 0.000010 0.000010 0.999950 0.000010
0.000010 0.000010 0.000010 0.000010 0.516504 0.483456
0.000010 0.128226 0.071970 0.134165 0.384989 0.280639
0.000010 0.222812 0.000010 0.160356 0.273038 0.343774
0.160867 0.000010 0.000010 0.328417 0.405827 0.104869
0.295538 0.000010 0.000010 0.000010 0.181045 0.523386
0.000010 0.000010 0.000010 0.000010 0.945950 0.054010
0.122077 0.319166 0.000010 0.000010 0.386725 0.172011
0.304223 0.054066 0.000010 0.000010 0.641681 0.000010
0.000010 0.000010 0.183914 0.000010 0.499590 0.316466
0.103143 0.060303 0.050923 0.000010 0.785611 0.000010
0.067154 0.000010 0.000010 0.000010 0.932806 0.000010
0.000010 0.000010 0.000010 0.000010 0.999950 0.000010
0.000010 0.000010 0.000010 0.000010 0.217575 0.782385
0.192470 0.000010 0.000010 0.467114 0.340386 0.000010
0.008509 0.000010 0.140351 0.000010 0.663377 0.187742
0.000010 0.061005 0.000010 0.105218 0.640463 0.193295
0.055204 0.000010 0.000010 0.000010 0.354803 0.589963
0.039857 0.147756 0.000010 0.000010 0.698558 0.113808
0.699896 0.000010 0.000010 0.061647 0.238427 0.000010
0.153864 0.000010 0.000010 0.000010 0.846096 0.000010
0.000010 0.176950 0.000010 0.000010 0.465108 0.357912
0.058453 0.000010 0.000010 0.113370 0.720735 0.107421
0.047151 0.000010 0.025520 0.229976 0.623229 0.074114
0.137999 0.138745 0.000010 0.088085 0.030199 0.604962
0.075137 0.242629 0.000010 0.000010 0.523826 0.158388
0.000010 0.080906 0.000010 0.000010 0.919054 0.000010
0.000010 0.262353 0.000010 0.000010 0.737607 0.000010
0.810426 0.000010 0.015884 0.072786 0.000010 0.100883
0.000010 0.380828 0.000010 0.000010 0.414696 0.204445
0.112465 0.000010 0.000010 0.000010 0.887495 0.000010
0.000010 0.000010 0.000010 0.000010 0.999950 0.000010
0.112410 0.000010 0.000014 0.000010 0.887545 0.000010
0.000010 0.000010 0.999950 0.000010 0.000010 0.000010
0.588334 0.000010 0.137329 0.000010 0.274307 0.000010
0.000010 0.250635 0.000010 0.156339 0.592997 0.000010
0.017517 0.000010 0.000010 0.000010 0.684832 0.297621
0.000010 0.999950 0.000010 0.000010 0.000010 0.000010
0.000010 0.100265 0.000010 0.000010 0.651921 0.247785
0.000010 0.153797 0.000010 0.000010 0.320789 0.525384
0.142862 0.000010 0.000010 0.000010 0.857098 0.000010
0.397254 0.000010 0.031656 0.133449 0.265853 0.171779
0.000010 0.236049 0.000010 0.025248 0.457413 0.281270
0.000014 0.000010 0.999946 0.000010 0.000010 0.000010
0.000010 0.000010 0.000010 0.000010 0.210899 0.789061
0.000010 0.000010 0.999949 0.000011 0.000010 0.000010
0.000010 0.083188 0.000010 0.206889 0.595429 0.114474
0.000010 0.565856 0.000010 0.000010 0.166008 0.268106
0.000010 0.172252 0.000010 0.000010 0.827708 0.000010
0.174375 0.000010 0.196238 0.482136 0.147231 0.000010
0.000010 0.000010 0.090469 0.000010 0.484781 0.424719
0.999947 0.000010 0.000013 0.000010 0.000010 0.000010
0.759896 0.000010 0.000010 0.000010 0.240064 0.000010
0.773059 0.000010 0.000010 0.000010 0.226901 0.000010
0.999950 0.000010 0.000010 0.000010 0.000010 0.000010
0.873523 0.000010 0.000010 0.000010 0.126437 0.000010
0.903916 0.000010 0.000010 0.000010 0.000010 0.096044
0.717981 0.000010 0.065176 0.000010 0.216812 0.000010
0.000010 0.000010 0.000020 0.000010 0.898381 0.101569
0.108021 0.000010 0.000010 0.000010 0.891939 0.000010
0.000010 0.150902 0.000010 0.000010 0.849058 0.000010
0.999950 0.000010 0.000010 0.000010 0.000010 0.000010
0.577533 0.000010 0.000010 0.000010 0.422427 0.000010
0.190561 0.000010 0.000010 0.000010 0.809399 0.000010
0.715107 0.000010 0.000010 0.000010 0.284853 0.000010
0.693523 0.038868 0.032678 0.000010 0.000010 0.234910
0.431759 0.000010 0.105312 0.000010 0.462898 0.000010
0.506921 0.000010 0.000010 0.000010 0.168134 0.324915
0.681454 0.000010 0.000010 0.000010 0.318506 0.000010
0.000010 0.000010 0.000010 0.000010 0.999950 0.000010
0.467823 0.000010 0.000010 0.000010 0.532137 0.000010
0.207213 0.000010 0.000010 0.000010 0.792747 0.000010
0.061055 0.000010 0.000010 0.527083 0.411832 0.000010
0.158412 0.000010 0.000010 0.000010 0.841548 0.000010
0.999950 0.000010 0.000010 0.000010 0.000010 0.000010
0.999950 0.000010 0.000010 0.000010 0.000010 0.000010
0.186548 0.000010 0.000010 0.000010 0.813412 0.000010
0.139063 0.000010 0.000010 0.000010 0.860897 0.000010
0.359036 0.000010 0.000010 0.000010 0.640924 0.000010
0.702318 0.000010 0.000010 0.000010 0.297642 0.000010
0.759890 0.000010 0.000010 0.000012 0.240068 0.000010
0.335860 0.149267 0.062522 0.206363 0.000010 0.245979
0.000010 0.000010 0.000010 0.256733 0.743227 0.000010
0.192653 0.000010 0.037647 0.000010 0.769670 0.000010
0.222937 0.000010 0.203307 0.000010 0.251151 0.322585
0.999950 0.000010 0.000010 0.000010 0.000010 0.000010
0.619718 0.000010 0.000010 0.000010 0.380242 0.000010
0.839750 0.000010 0.000010 0.000010 0.160210 0.000010
0.999950 0.000010 0.000010 0.000010 0.000010 0.000010
0.559466 0.000010 0.000010 0.000010 0.000010 0.440494
0.330034 0.000010 0.000010 0.000010 0.000010 0.669926
0.999950 0.000010 0.000010 0.000010 0.000010 0.000010
0.399196 0.000010 0.121298 0.000010 0.223025 0.256462
0.045890 0.210964 0.000010 0.000010 0.743116 0.000010
0.000010 0.088240 0.000010 0.000010 0.768458 0.143272
0.001875 0.012686 0.268626 0.000010 0.690965 0.025838
0.684904 0.000010 0.000010 0.000010 0.315056 0.000010
0.885579 0.000010 0.000010 0.000010 0.114381 0.000010
0.538134 0.000010 0.000010 0.000010 0.461826 0.000010
0.531297 0.000010 0.000010 0.000010 0.000010 0.468663
0.953020 0.000010 0.000010 0.000010 0.046940 0.000010
0.846131 0.000010 0.000010 0.000010 0.033932 0.119907
0.000010 0.000010 0.000010 0.000010 0.000010 0.999950
0.734999 0.000010 0.000010 0.000010 0.264961 0.000010
0.000010 0.000010 0.000010 0.000010 0.515526 0.484434
0.000010 0.211553 0.000010 0.000010 0.779405 0.009012
0.936137 0.000010 0.000010 0.000010 0.000782 0.063051
0.000010 0.000010 0.000010 0.000010 0.677430 0.322530
0.734889 0.000010 0.119732 0.000010 0.145350 0.000010
0.446753 0.000010 0.000010 0.000010 0.014583 0.538634
0.185991 0.000010 0.000010 0.166625 0.647354 0.000010
0.999950 0.000010 0.000010 0.000010 0.000010 0.000010
0.108734 0.000010 0.000010 0.000010 0.000010 0.891226
0.399965 0.000010 0.132946 0.000010 0.467059 0.000010
0.521286 0.000010 0.000010 0.000010 0.478674 0.000010
0.367752 0.000010 0.000010 0.000010 0.632208 0.000010
0.600018 0.000010 0.000010 0.000010 0.000010 0.399942
0.221141 0.000010 0.000010 0.000010 0.778819 0.000010
0.098035 0.000010 0.000010 0.000010 0.805479 0.096456
0.399485 0.000010 0.047806 0.000010 0.552678 0.000010
0.736623 0.000010 0.000010 0.000010 0.263337 0.000010
0.937355 0.000010 0.000010 0.000010 0.062605 0.000010
0.000010 0.566689 0.000010 0.000010 0.161252 0.272029
0.530073 0.000010 0.000010 0.000010 0.469887 0.000010
0.593977 0.000010 0.000010 0.000010 0.405983 0.000010
0.999950 0.000010 0.000010 0.000010 0.000010 0.000010
0.275572 0.000010 0.000010 0.203402 0.000010 0.520996
0.401387 0.000010 0.000010 0.000010 0.000010 0.598573
0.000010 0.101904 0.035566 0.224516 0.296941 0.341063
0.099259 0.276677 0.000010 0.000010 0.624033 0.000010
0.705011 0.000010 0.000010 0.000010 0.294949 0.000010
0.999950 0.000010 0.000010 0.000010 0.000010 0.000010
0.771071 0.144537 0.000010 0.000010 0.000010 0.084362
0.389476 0.000010 0.000010 0.063126 0.000010 0.547368
0.999950 0.000010 0.000010 0.000010 0.000010 0.000010
0.262643 0.000010 0.000010 0.000010 0.737317 0.000010
0.999949 0.000010 0.000011 0.000010 0.000010 0.000010
0.036177 0.000010 0.000010 0.000010 0.963783 0.000010
0.000010 0.328292 0.000010 0.000010 0.433943 0.237735
0.000010 0.630858 0.000010 0.000010 0.157990 0.211122
